500
0
1100
0
1700
0
500
0
500
0
1100
0
1700
0
1700
0
1700
0
1900
0
1700
0
1700
0
1900
0
0
0
0
0
0
0
0
0
0
0
0
0
0
0
0
0
1700
0
1700
0
1700
0
500
0
1100
0
870.5627706
0
1900
20300
0
5900
1700
0
0
3005.555556
0
1550
0
1550
0
1550
0
1700
0
0
0
0
0
500
0
500
0
0
0
0
0
0
500
0
1700
0
0
0
0
0
0
0
0
1700
0
1700
0
0
0
1700
0
1700
0
500
0
0
11733.33333
0
1100
2530.166667
0
31462
0
1700
0
1700
0
1700
0
1700
0
1700
0
1900
0
0
483.3333333
0
0
0
870.5627706
0
1900
0
0
6400
0
0
0
350
0
0
0
5200
0
500
0
0
0
0
0
5974.442105
0
0
350
0
0
0
0
379.338843
0
1966.115702
0
0
0
0
0
0
0
0
0
6527.612088
0
0
0
0
0
0
0
0
0
0
4462.5
0
0
0
0
0
0
0
0
0
0
0
0
0
0
0
0
0
0
0
410
0
344.6666667
0
359
0
0
0
0
394.0740741
0
0
0
0
0
0
3900
0
0
0
0
0
0
0
0
0
0
0
0
366.6666667
0
0
1550
0
0
0
0
0
0
0
0
8731.210191
0
0
0
0
1988.888889
0
0
0
0
0
0
2400
0
0
0
0
2361.538462
0
2521.648072
0
0
0
0
0
1366.666667
0
397.4452907
0
0
668.4322034
0
0
0
417.8571429
0
0
18476.27119
0
0
0
0
1153.066403
0
0
0
352.3809524
0
0
4028.045867
0
0
0
0
0
0
0
0
0
0
0
2519
0
2519
0
0
0
400
0
0
0
0
0
1100
0
0
0
0
0
0
0
0
0
2666.917293
0
0
0
0
0
0
400
0
0
0
0
0
0
1207.142857
0
0
0
0
2750
0
430.3571429
0
0
0
0
0
0
0
0
0
0
676.4705882
0
0
0
10100
0
462.619199
2433.333333
353.9487462
0
9400
0
2033.333333
0
0
0
0
725
0
997.1428571
0
894.2857143
0
2063.428571
0
0
575
0
575
0
483.3333333
0
575
0
483.3333333
0
483.3333333
0
483.3333333
0
490.8513846
0
7409.375
0
12716
0
938.4615385
0
0
0
0
65900
0
1688.143251
0
0
0
0
0
0
0
712.109375
0
3500
0
713.1661716
0
1127.777778
0
0
0
0
429.9512468
0
0
971.6210148
0
0
1263.095238
0
1263.095238
0
1157.719298
0
1263.095238
0
1263.095238
0
0
18765.78947
0
586.0287081
0
0
0
0
0
0
0
0
725
0
0
860
3256.800766
0
4449.090909
0
0
725
0
0
0
0
580
0
0
900
0
0
0
0
0
0
0
600
8360.78253
0
0
0
560
0
0
0
0
0
0
0
2450
0
0
0
400
0
400
0
0
0
0
3785.714286
0
0
1971.428571
0
0
1500
0
0
400
0
0
0
0
0
0
0
0
0
0
0
0
0
0
0
0
0
0
0
0
0
0
0
0
0
0
0
0
0
0
0
0
0
0
0
0
0
0
0
0
0
1325
0
0
0
0
2025
0
0
0
838.1818182
0
838.1818182
0
0
0
9849.333333
0
489.2857143
0
0
0
0
0
4820.32967
0
0
0
0
0
0
0
0
0
0
0
0
0
0
2805.215827
0
0
492
356.0810811
0
0
0
0
901.5748031
0
0
0
0
0
0
439.6825397
0
1940
0
0
1248.039216
0
0
0
0
920
0
21901.73077
0
1066.666667
0
0
0
0
527
0
3984.736842
0
0
0
0
0
0
0
3620
0
0
15638.66667
0
433.3333333
0
0
1622.710177
0
0
1191.034483
0
0
0
4850
0
0
0
2500
4600
0
0
0
650
0
650
0
0
2280.826737
0
752.5896414
0
0
0
0
0
0
0
0
0
0
0
0
1652.866242
0
0
0
0
1014.16309
0
0
0
0
6088.495575
0
0
0
0
0
7455.555556
2772.058824
0
1217.013575
0
13454.44444
0
0
0
0
515.8940397
0
0
9565.680473
0
0
0
940
0
2800
0
375
0
0
0
0
0
0
0
2193.333333
0
0
0
0
0
0
0
5361.633493
0
0
0
2622.222222
0
0
0
0
0
2366.666667
0
0
0
0
0
0
0
0
0
0
0
0
9729.869281
0
0
0
470.3703704
0
0
391.6666667
0
11900
0
0
1855.555556
0
0
380
0
0
0
0
0
411.1111111
0
466.6666667
0
0
0
0
0
0
0
400
0
0
359.2592593
0
0
27433.94495
0
0
0
0
0
0
2049.969231
0
0
0
0
0
0
1539.408867
0
0
0
0
407.5
0
540
0
916.9491525
0
1218.540925
0
0
0
0
0
0
1683.783784
0
0
578.7878788
0
0
0
0
0
0
0
11577.05474
0
0
0
0
498.1538462
0
0
1705.737185
0
0
0
0
0
1088.019129
0
4900
0
0
0
0
0
0
0
358.7662338
0
0
0
6178
0
0
0
0
34429.88827
0
0
0
0
0
5843.816698
0
0
1335
0
0
0
0
350
0
0
0
0
0
7000
0
7000
0
0
671.4285714
0
0
0
0
0
3766.666667
0
0
0
0
0
0
400
0
3224.902869
0
0
0
0
0
0
0
0
5700
0
0
0
1150
0
0
1400
0
1900
930.1403509
0
400
0
0
0
0
0
6000
0
0
0
0
0
940
0
9340
0
0
0
0
0
0
0
0
0
0
0
0
0
0
0
0
0
700
0
0
0
0
2733.243119
0
0
0
0
0
0
0
20212.5
0
0
0
4400
0
0
0
0
918.5185185
0
522.2222222
0
0
2525
0
2525
0
2466.666667
0
2525
0
2525
0
0
2466.666667
2300
0
0
8966.666667
0
357.1428571
0
0
0
5446.666667
0
0
0
4600
0
0
0
0
530
0
530
0
530
0
0
345
0
1385.714286
0
0
0
143762.201
0
419.1071429
0
419.1071429
0
0
1172
0
0
0
0
0
0
0
900
0
1400
653.3333333
0
693.3333333
0
0
0
650
0
650
1200
0
407.9365079
0
0
433.3333333
454.0332512
0
0
0
0
0
0
600
0
0
0
670.5555556
0
0
0
0
0
0
0
0
6306.842105
0
909.9667774
0
0
350
0
0
802.8571429
0
0
0
0
0
0
0
0
0
51356.95364
0
0
840.2294708
0
0
0
1024.092675
0
0
916.2994627
0
0
0
0
6033.333333
0
0
0
1942.857143
0
0
0
0
0
0
0
0
0
0
0
2825
0
983.7762238
0
10670.83333
0
0
0
2825
0
983.7762238
0
10670.83333
0
0
0
2772.058824
0
1217.013575
0
10667.77778
0
0
0
2558.139535
0
1306.511628
0
10643.33333
0
0
0
2766.776316
0
901.6447368
0
10814.28571
0
0
0
1030.769231
0
0
2801.315789
0
1124.232456
0
14288.46154
0
0
0
1078.04878
0
0
5750
2686.324786
0
1368.2861
0
10655.55556
0
0
767.5065492
702.4244794
0
2618.75
0
1281.153846
0
10650
0
0
0
2686.324786
0
1269.625247
0
39977.0416
0
0
0
0
6312.5
2722.612086
0
1337.980917
0
17894.87179
0
0
0
8000
2751.851852
0
960.4288499
0
20234.72222
0
0
0
0
0
0
362.8571429
0
2231.428571
0
1280.952381
0
11783.04094
0
0
1031.313131
0
0
2562.5
0
917.6923077
0
14543.75
0
0
0
0
8900
0
2696.568627
0
1387.109084
0
577.9661017
0
0
7963.241107
0
1006.719368
0
0
0
0
14042.85714
0
11766.66667
0
0
0
0
0
0
0
500
0
0
0
0
0
0
0
0
1271.446488
0
0
6616.049383
0
0
0
0
0
0
0
0
0
0
0
0
6600
613.7764784
0
1118.461538
6300
0
0
0
25349.6318
0
3944.75043
0
0
0
0
0
0
800
0
0
0
0
700
0
0
0
40014.28571
2993.660969
0
1027.305443
0
0
0
0
0
0
0
10019.10549
0
0
0
0
0
5788.888889
2600
0
929.59285
0
10436.58537
0
0
0
2558.139535
0
1306.511628
0
10643.33333
0
0
0
0
0
700
0
14150
0
0
0
500
0
0
0
0
0
0
0
0
0
0
12275
0
0
1216.051844
0
0
0
0
0
0
400
0
0
0
0
1400
0
0
0
0
0
0
0
0
0
2015
0
0
9300
0
0
0
0
0
0
0
0
0
0
0
0
5400
0
1100
0
0
185900
0
0
1900
0
0
0
0
0
0
966.6666667
0
0
0
0
0
0
0
0
0
0
0
0
0
1100
0
0
0
0
0
0
6857.580418
0
0
0
0
0
0
0
0
1480
415.6799539
0
0
4914.285714
0
0
0
1900
0
1100
0
0
3866.666667
0
6700
0
0
0
0
3944.444444
0
0
0
0
0
0
4528
0
0
11500
0
0
0
0
13348.27586
0
0
2558.139535
0
1306.511628
0
10643.33333
0
0
0
2558.139535
0
1306.511628
0
13026.66667
0
0
0
0
2774.80457
0
937.0014031
0
0
0
0
0
0
0
0
0
8642.857143
0
0
1095.061728
0
0
2693.209877
0
1242.592593
0
10098.77049
0
0
1021.478873
0
0
5788.888889
2667.924528
0
1260.580552
0
10655.55556
0
0
0
2558.139535
0
1306.511628
0
10643.33333
0
0
0
2662.068966
0
942.7586207
0
10643.33333
0
0
0
0
2728.125
0
972.6704545
0
0
0
528.5714286
0
0
0
8394.520548
0
1021.917808
0
0
5728.571429
2627.941176
0
954.4955324
0
10063.17016
0
0
938.961039
0
0
0
0
0
0
0
0
0
17423.87273
0
0
0
0
0
0
0
0
728.125
0
728.125
0
0
0
0
0
0
0
0
0
0
0
0
0
0
1997.777778
0
0
0
0
0
0
0
9810.838663
0
0
381.6374269
0
0
0
0
0
4539.260401
0
0
0
0
0
0
0
0
11375
2889.106754
0
1191.503268
0
0
0
0
0
0
773.90625
0
773.90625
0
0
0
0
13213.7931
0
0
0
0
52566.66667
0
1723.636364
0
0
0
0
0
7455.555556
2772.058824
0
1260.090274
0
584.4444444
0
0
0
0
12611.11111
0
0
0
900
0
7820
0
0
0
0
0
0
0
0
3900
0
0
0
1560
0
0
0
0
2558.139535
0
1306.511628
0
10643.33333
0
0
3058.043997
0
1114.798206
0
0
2924.834437
0
981.4857041
0
0
589.3617021
2475
0
0
1119.340378
0
0
0
0
5728.571429
2696.568627
0
1282.08061
0
10079.31034
0
0
1011.764706
0
0
0
5728.571429
2696.568627
0
1310.135002
0
516.3328197
0
0
0
5000
0
1044.024515
0
0
2688.906009
0
1234.123504
0
9774.125874
0
0
0
13011.11111
2905.084746
0
1003.937419
0
10683.33333
0
0
0
441.6666667
0
441.6666667
0
0
2742.857143
0
1138.282209
0
528.5714286
0
0
0
0
5942.307692
0
0
0
1091.474554
449.5582652
0
698.7742594
0
0
2293.089431
0
823.1310322
0
0
583.8559814
0
0
0
0
0
2506.896552
0
7100
0
0
0
0
536.5248227
0
8042.991507
0
0
94691.66667
412.7032967
0
0
0
0
0
701.056338
0
0
2732.352941
0
960.4524887
0
11526.38889
0
0
0
13011.11111
2905.084746
0
1003.937419
0
10683.33333
0
0
3900
0
3833.333333
0
0
0
0
654.2857143
0
654.2857143
0
604.7619048
0
604.7619048
0
604.7619048
0
0
0
0
0
0
0
0
0
0
0
0
0
0
0
0
2846.666667
0
0
0
0
0
0
0
0
0
4400
0
4400
1388.888889
0
6560
0
0
0
0
0
2220
0
0
0
3650
0
0
0
0
7200
0
1261.111111
0
733.3333333
0
0
733.3333333
0
733.3333333
0
0
733.3333333
0
0
0
0
0
0
1400
0
0
507.9787234
0
28830.06993
0
0
0
5757.142857
0
0
1932.729881
0
1300.701992
0
0
0
700
380
0
0
0
0
0
0
0
0
0
0
0
0
0
0
0
0
0
0
0
0
0
0
0
0
0
10500
0
0
0
10765.7337
0
0
2371.680672
0
510.8374384
0
0
0
725
0
6900
0
0
0
0
0
700
446.40625
0
0
0
0
0
0
0
600
0
1000
0
3800
0
1042.068966
0
1042.068966
0
0
0
3330.177515
0
0
0
1700
0
1064
0
1072
0
5914.814815
0
0
0
774.3944228
0
0
774.3944228
0
0
0
0
891.6666667
0
0
0
5980
0
0
0
0
0
650
0
650
0
0
0
8600
0
11500
0
0
0
2177.807487
0
0
494.9871887
0
0
0
3828.445474
0
0
0
0
0
0
38270.0495
0
2180.645167
0
0
417.7248677
0
0
0
0
727.7976495
0
443.6111111
0
0
0
0
0
0
4114.285714
0
0
0
0
0
0
0
0
0
1733.333333
0
1733.333333
0
0
0
0
6300
0
5600
0
0
0
6800
0
800
0
1300
4400
0
20400
0
0
0
2900
0
0
0
0
0
8700
0
0
0
8900
0
0
0
8700
0
0
0
0
860
0
3281.21547
0
0
0
0
0
0
0
3063.636364
0
9000
0
0
0
0
5620
500
0
0
8700
0
8243.75
0
0
0
0
3829.399368
0
374.7252747
0
0
1146.65404
0
0
461.038961
0
0
0
0
0
0
0
0
0
0
0
344.4444444
0
0
5142.105263
0
0
0
0
0
0
0
4880
0
0
0
0
0
0
0
0
3385
0
3100
0
0
0
0
0
0
0
1050.684932
0
0
0
0
0
0
662.5
0
0
0
5233.333333
0
860
0
0
5400
0
0
965.2244435
0
0
0
0
0
3063.636364
0
15500
0
10400
0
2930
0
0
0
0
1500
0
8600
0
0
0
0
9400
0
4304.545455
0
1699.054374
0
526.8058839
0
0
0
0
0
0
0
14250
0
0
0
0
9680.859917
0
0
0
10308.68538
0
0
1466.666667
0
0
700
0
3944.444444
0
0
0
0
0
0
0
9100
0
700
0
0
2484.914596
0
3312.5
0
0
0
0
0
0
494
0
0
0
0
0
0
0
4167.123288
0
0
4773.846154
0
0
15666.15385
0
0
0
569.8039216
0
569.8039216
0
0
470.6031746
0
0
569.8039216
0
569.8039216
0
0
498.6904762
0
0
0
0
0
498.6904762
0
0
0
0
350.8823529
0
350.8823529
0
592.0454545
0
0
0
0
382.1428571
0
0
0
25569.23077
0
26180
0
0
0
366.6666667
1502.857143
0
0
0
0
0
0
0
21837.5
0
2004.504505
0
0
0
0
4676.923077
0
0
0
0
6263.636364
0
0
0
0
0
0
0
5639.759036
0
0
3469.230769
1400
0
0
580.5555556
0
0
375.2
0
0
5202.793448
0
0
0
0
0
0
2029.166667
0
0
0
0
0
780.4571429
0
0
0
0
0
0
2103.125
0
0
536.1054767
0
0
0
1736
0
6095.652174
0
0
494.1901408
0
0
0
4907.407407
0
0
1340
0
0
0
0
0
0
733.3333333
0
0
0
4900
6900
0
0
0
0
849.6230159
0
0
0
0
0
0
0
3900
470
0
0
0
0
6748.484848
0
0
3766.666667
1000
0
0
0
0
0
1533.333333
0
0
0
0
6305
0
14112
0
7900
0
0
1070
0
0
3664.600551
0
0
0
0
415.2542373
0
0
0
0
1493.442623
0
883.6065574
0
2326.136364
0
0
0
0
0
0
0
0
5400
0
0
0
0
1066.666667
0
0
0
2733.333333
22305.49188
0
0
1911.764706
0
0
0
0
63205.55556
0
63205.55556
0
63205.55556
0
2700
0
5100
0
0
0
0
0
0
0
0
0
0
4353.125
0
0
3724
0
0
0
0
4800
0
8266.412214
0
0
0
400
0
1139.072165
0
0
3540
0
0
6460
0
400
0
1100
891.257732
0
0
0
0
400
0
7900
0
1300
4200
0
6400
0
700
0
0
0
0
842.8571429
1013.636364
0
0
0
934.0909091
0
402.8571429
433.3333333
0
0
9775.776398
1012.5
0
0
0
0
0
0
0
0
0
0
0
15712.5
0
5191.353383
0
0
1164.197531
0
0
1158.888889
0
1158.888889
0
1158.888889
0
1158.888889
0
1158.888889
0
0
0
1062.5
0
0
0
0
0
0
511.1111111
650
0
0
0
0
0
0
0
0
0
2888.461538
0
0
0
18900
0
0
0
0
5150
0
926.6666667
0
926.6666667
0
954.2857143
0
602.8571429
0
602.8571429
0
0
0
0
0
0
0
0
0
2078.796343
0
3557.142857
0
0
0
0
0
0
4372.049689
0
0
0
700
0
0
5876.744186
0
0
0
0
835
0
835
0
0
0
0
0
0
0
0
25500
0
0
6600
0
1411.111111
0
0
0
0
0
12700
0
0
0
0
3250
0
0
0
0
26700
0
0
0
0
0
3320
0
0
8400
0
5300
0
0
0
750
0
0
0
0
566.6666667
0
0
7960.606061
0
0
0
1047.058824
0
0
0
0
0
0
7100
0
1361.406501
0
0
0
0
900
0
900
0
900
0
900
920
0
743.75
0
900
0
0
0
2409.52381
0
0
0
1900
900
0
0
0
0
900
0
900
0
6900
0
371.4285714
0
4900
0
1766.666667
0
900
0
900
0
0
0
0
0
0
0
0
0
0
0
640.7407407
0
0
0
10733.33333
0
0
480.5724589
0
0
0
0
0
0
29400
0
400
8268.75
0
0
0
0
0
0
0
0
0
455.5555556
0
0
0
0
0
0
0
0
0
0
0
990.9090909
0
392.3076923
0
0
0
1560
0
0
0
0
0
0
8900
0
0
0
0
900
0
0
0
0
1000
0
900
0
900
0
0
0
0
0
0
0
0
768.9655172
0
4075.212718
0
10965.84781
0
0
0
0
0
0
0
0
0
0
0
0
0
0
0
0
0
0
0
0
0
0
0
0
0
0
0
0
0
0
0
0
440
0
0
0
0
0
0
0
0
0
0
0
3733.333333
0
0
0
0
0
0
738.0165289
0
0
0
0
0
500
0
0
0
400
0
0
0
0
0
0
650
0
650
0
0
0
875
0
0
0
0
0
1900
0
0
0
0
0
0
350.4056616
0
0
552.3076923
0
0
9136.8
0
6530
0
0
395.1515152
0
0
0
912.0481928
0
0
0
0
0
0
2556.923077
0
0
0
0
3250
0
0
900
0
0
0
0
0
0
0
0
1650
0
0
0
0
0
0
0
0
0
0
0
650
0
1127.692308
7671.714202
0
0
0
0
3860.12446
0
0
27100
0
0
1850
357.4898785
0
0
0
0
0
457.5657895
628.6135693
0
0
0
1134.587598
0
0
0
0
0
721.1757464
0
0
15685.19553
0
16400
0
1225
0
0
0
0
742.4489796
0
0
635.1648352
0
742.4489796
0
635.1648352
0
635.1648352
0
635.1648352
0
635.1648352
0
0
62462.5
0
0
1400
433.3333333
0
2184.615385
0
0
567.0993746
0
5089.473684
0
0
0
0
17654.28571
0
0
0
113296.3759
0
0
0
0
0
0
540.9399006
0
0
0
0
0
542.1657096
0
0
580.7893677
0
0
0
1040.837495
0
567.0993746
0
5089.473684
0
0
0
0
8895.673077
0
419.2307692
0
1124.519231
0
0
0
1680.078125
0
0
8895.43379
0
420.5479452
0
1114.611872
0
0
8392.857143
0
392.8571429
0
1050
0
0
44030.43478
0
0
0
0
18022.1374
0
0
0
0
0
0
6088.495575
0
0
0
0
0
0
0
10186.30952
0
0
1450
0
0
0
29878.26087
0
0
360
31421.73913
0
0
0
32122.22222
0
0
0
8020
0
0
567.0993746
0
5089.473684
0
0
0
0
0
0
0
0
0
7776.54321
0
0
0
0
390.9090909
0
1045.454545
0
0
0
26453.19149
0
401.7699115
0
1070.79646
0
0
0
0
0
0
567.0993746
0
5089.473684
0
567.0993746
0
5089.473684
0
0
0
0
5229.72973
0
0
5229.72973
0
0
0
0
0
0
0
0
0
0
0
0
0
736.587963
0
0
0
3085
0
517.868198
0
2013.548387
0
379.3827411
0
0
0
463.8664819
0
518.0555556
0
2011.85948
0
0
14806.66667
0
0
1591.286989
0
2642.826667
0
0
2468.57971
0
4716.086957
0
107263.5438
0
0
0
3900
0
2579.487179
0
0
0
0
0
0
0
0
0
0
885.2216749
0
0
0
0
0
0
0
0
6857.692308
0
0
0
0
0
0
0
77900
0
0
0
2500
0
2500
0
0
0
1700
0
0
0
0
836.8686869
0
0
0
0
0
0
0
0
0
0
0
0
0
0
10100
0
0
242032.1429
0
0
665.7142857
0
0
2111.297331
0
776.6233766
0
0
0
0
2198.387097
0
0
2185.714286
0
0
0
0
0
0
1000
0
14681.95251
0
0
0
0
10576.96203
0
0
0
0
0
446.25
0
0
0
6671.428571
0
0
0
0
613.9393939
0
613.9393939
0
505.5555556
0
613.9393939
0
613.9393939
0
0
0
0
0
0
0
0
0
0
0
0
1679.166667
0
0
0
0
2285.765306
0
0
0
3090.416517
0
0
0
0
0
0
0
0
0
585.7142857
0
1416.666667
0
0
0
17060
0
0
0
0
0
0
0
0
0
0
0
0
0
0
5600
487.6315789
0
0
0
0
0
0
0
598.4126984
0
0
0
3680
0
541.9753086
0
5675
0
0
2900
6433.333333
0
0
0
0
0
0
0
0
0
0
0
0
0
0
0
0
0
0
0
0
0
0
0
0
0
0
0
0
0
0
0
0
0
5668.75
0
0
393.75
0
4456.763285
0
0
1025
0
0
7781.818182
0
291700.6431
0
7900
0
0
7900
0
8900
0
0
0
13845.10309
0
0
29700
0
0
25500
0
0
522.2222222
3403.571429
0
0
0
0
0
553.1578947
0
0
0
0
787.0114087
0
764.2045455
0
4048.181818
0
0
74780
0
8267.272727
0
10326.66667
0
945.9090909
0
2450
0
0
0
0
10120
0
0
6600
0
0
0
2937.037037
0
0
0
0
0
0
0
0
650
0
0
0
0
1700
0
0
11900
0
4900
0
0
0
0
0
0
0
0
0
0
0
0
3983.333333
0
3983.333333
0
471.1976628
0
10740.0719
0
0
7900
0
0
8700
0
8700
0
8700
0
0
543.902439
766.6736022
0
0
6533.333333
0
500
0
0
500
0
18087.05036
0
0
0
1116.666667
365.2631579
0
0
6003.305556
0
0
462.4609375
0
728.4688013
0
0
0
0
0
0
0
0
0
0
0
0
0
0
0
0
14015.78947
0
0
1363.043785
0
700
0
0
0
49564.2487
0
0
0
0
0
0
0
5200
0
8380
0
458.4045584
0
480
0
0
0
0
0
0
0
0
0
0
0
0
0
0
1790
0
0
0
0
0
0
0
0
0
0
1214.393939
0
436.3709033
0
0
0
0
4900
0
0
0
0
0
8800
0
8800
0
0
7400
877.7777778
0
0
0
0
0
0
0
0
0
0
0
0
703.5714286
0
0
0
0
0
0
0
0
0
0
0
0
0
0
0
0
400
0
0
15850
0
0
0
6757.142857
0
0
0
0
0
70900
0
17166.66667
0
0
17166.66667
0
1775
0
17166.66667
0
1005.066667
0
1005.066667
0
0
0
0
0
0
365.8181818
0
0
0
0
0
0
0
1342.307692
0
0
0
0
1072.368421
0
0
0
0
0
646.6666667
0
0
0
1006.451613
0
0
0
0
0
0
786.5490473
0
500
0
0
0
0
0
0
0
0
3415.891473
0
0
0
0
0
1340
0
0
0
0
0
800
0
0
0
3650
0
1471.022727
0
686.25
0
0
0
0
1400
0
0
0
0
0
0
0
0
0
0
0
0
0
0
6200
0
0
990
0
0
395.412844
0
6600
0
813.4328358
0
0
0
5100
0
6968.75
0
0
694.5945946
0
700
0
0
0
2566.666667
0
14158.33333
0
0
780.66605
0
0
0
2615.882353
0
2583.333333
0
2583.333333
0
2583.333333
0
2615.882353
0
2583.333333
0
0
2615.882353
0
0
7667.020592
0
0
462.5
0
0
0
0
58300
0
0
0
540
0
540
0
0
640
0
0
0
0
0
900
3478.077803
0
0
16583.33333
0
9000
0
81800
0
2371.167211
0
547.6190476
0
0
6134.375
0
716.6666667
0
0
1961.538462
0
0
0
0
0
0
0
0
0
19400
0
0
0
0
0
0
8800
0
0
0
0
1766.666667
0
0
0
0
0
0
0
0
0
0
0
0
0
0
0
0
0
0
0
0
884.8484848
0
0
0
0
0
5866.666667
0
0
0
0
4880
0
33080
0
1000
0
0
0
0
0
1175
0
0
0
0
0
0
130234.6154
0
8505.591398
0
1341.860465
0
0
0
1070
643.5897436
0
0
1711.155914
0
1008.870968
0
1252.727273
0
11122.5625
0
495.1785714
0
2257.142857
0
0
0
0
0
0
0
0
587.5
0
0
0
0
5400
0
0
0
0
5400
0
0
4600
0
0
3566.666667
0
0
0
0
5400
0
0
0
1962.5
0
0
0
0
0
2847.368421
0
0
0
0
0
0
0
0
0
0
0
0
3890.066694
0
0
0
0
0
0
148366.2577
0
0
633.8916179
0
807.3777778
0
0
1969.26018
0
1506.27451
0
1506.27451
453.3854167
0
855.5555556
0
7650
0
0
0
0
0
0
0
1792.664165
0
0
700
0
0
0
404.1666667
0
0
0
0
0
0
0
799.0136364
0
590.0468384
0
0
0
0
0
0
0
0
535.6304985
0
0
0
0
12140
0
0
23300
0
0
0
17180
0
426.3157895
0
0
0
0
52859.03107
0
13129.09091
0
0
0
8165.109101
0
511.1111111
0
12492.59259
0
0
0
1158.448047
0
0
0
0
1165.150094
0
0
0
762.0756173
0
6500
0
0
0
0
0
0
135326.2238
0
0
0
0
3799.713631
0
860
0
1160
0
1160
0
1100
0
1160
0
700
0
0
0
0
0
0
0
0
199096.6038
0
0
350
433.3333333
0
4300
0
0
8700
0
3502.260274
0
0
0
0
0
1034.210599
0
786.8544287
0
0
0
0
0
0
0
0
0
0
0
0
0
0
34196.42857
0
2354.545455
0
1121.818182
0
0
0
0
895.3079484
0
6764.219467
0
0
472.2352941
0
0
0
900
0
2000.136054
0
0
0
0
0
0
0
0
0
0
0
1935.384615
0
0
0
11717.01978
0
1328.571429
0
796.6600529
0
7100
0
0
0
0
0
0
0
0
0
0
0
926.6666667
0
0
757.1428571
933.3333333
0
0
6009.090909
0
0
2133.636364
0
0
2133.636364
0
0
0
2133.636364
0
0
0
0
0
23900
0
361.5384615
0
0
0
0
0
3426.666667
0
0
0
400
0
0
0
0
0
0
0
0
0
0
0
824.2857143
0
0
0
0
0
0
3400
809.4581281
0
0
0
600
0
0
0
0
0
0
0
0
0
0
0
0
0
0
0
0
0
0
0
0
0
0
2778.571429
0
0
0
0
0
0
0
0
0
725
0
0
0
0
0
0
0
0
0
0
1100
0
0
0
0
0
0
30581.39535
0
0
0
0
0
0
0
0
753.3333333
0
0
0
0
0
0
0
0
0
0
0
0
0
500
0
0
0
0
0
0
0
0
0
0
0
0
0
700
0
0
0
0
0
0
940
0
380
0
700
0
0
0
0
360
0
540
0
525
0
1850
0
0
0
0
0
0
0
0
0
0
0
0
0
0
0
0
0
0
0
43213.04348
0
0
25900
0
0
0
0
0
0
5766.666667
0
0
460
0
0
400
0
400
0
400
0
2983.333333
0
0
0
516.6666667
0
516.6666667
980
0
0
5257.142857
0
0
0
460
0
460
0
0
2212.5
0
8328.571429
0
0
6300
0
17400
0
1212.5
0
1212.5
0
2450
2729.803922
0
0
0
0
0
2220
0
3371.148459
0
1322.969188
0
505.0420168
0
0
0
0
346.25
0
0
0
5400
0
24275
0
0
0
0
816.6666667
0
816.6666667
0
0
5900
0
740
650.4058442
0
0
7600
0
0
0
1566.666667
0
1566.666667
0
0
2870
0
0
0
0
0
700
2187.5
0
0
23900
0
0
0
1275
0
10653.27273
0
2642.307692
0
0
2642.307692
0
0
0
2642.307692
0
585.5769231
0
585.5769231
0
0
0
609.6774194
0
2060
0
0
0
0
0
0
0
0
0
0
1080.076628
0
0
11462.85342
0
2070.686456
0
0
669.7580645
0
669.7580645
0
0
0
0
5620
0
0
1274.567972
0
0
0
0
527.2636816
0
471.4285714
5439.831288
0
0
0
0
0
0
506.2222222
0
506.2222222
0
2173.333333
0
2173.333333
0
0
0
0
0
145980
0
1195.238095
0
0
450
0
0
0
0
0
0
0
1183.333333
1267.300249
0
0
6041.666667
0
0
0
0
0
14750
0
922.7272727
0
0
0
1528.92562
0
2320
0
14300
0
0
0
0
0
0
3200
0
0
10585.47419
0
780
0
867.7419355
0
0
406.6666667
906.5789474
0
0
520
0
0
0
6500
0
13760
0
0
0
0
3404.761905
0
0
0
0
18100
0
13550
0
2100
0
593.3333333
0
2833.333333
0
4700
0
0
0
0
0
0
0
0
0
0
3328.571429
0
0
2516.541353
0
12757.14286
0
1064.285714
0
0
0
0
0
0
0
0
145226.2857
0
0
0
0
0
0
0
0
0
0
0
2556.923077
0
0
0
2433.333333
0
0
0
0
0
0
353.125
0
353.125
0
1462.5
3472.04
0
0
0
0
0
3900
0
0
0
0
0
0
2350.649351
0
2350.649351
0
0
0
0
8300
1089.927184
0
10488.23529
0
0
0
1775
0
11177.77778
0
634.375
0
0
0
0
20400
0
0
19800
0
0
0
0
0
0
0
11566.66667
0
0
4488
0
0
1804.761905
0
0
0
0
1790
0
1433.333333
0
5775
0
0
2150
0
0
0
0
0
0
1100
0
0
0
0
0
357.9843225
0
350
0
0
0
9631.924883
0
5032.230576
0
30663.63636
0
0
0
0
0
0
13400
0
0
0
3900
0
0
0
0
0
0
22450
0
0
0
588.8747616
0
0
0
0
0
0
400
0
0
15011.11111
0
0
208344.4444
0
0
0
0
33650
0
0
972.7083333
0
0
0
0
0
0
494.2857143
0
0
2556.875
0
0
0
3772.281167
0
0
359900
0
0
0
0
0
1100
0
0
0
2753.603604
0
634.2222222
0
734.7107438
0
0
0
0
0
0
0
0
0
1160.740741
0
0
0
0
0
900
0
0
566.6666667
5145.062027
0
3102.933985
0
0
0
0
806.1337341
0
6114.039125
0
159243.9883
0
0
0
0
112900
0
0
7628
0
0
0
3526.666667
0
0
385.625
1881.981982
0
0
0
0
477.3195876
0
765.9793814
0
562.0689655
0
2914.818032
0
0
0
0
6680.116959
0
0
0
1007.692308
0
0
1677.834144
0
0
0
0
0
34252.85714
0
0
0
440
0
2900
0
0
895.6709957
0
0
0
0
0
0
0
0
0
3900
0
0
0
0
0
0
0
0
0
1260
0
65525
0
638.1803616
0
0
0
7592.307692
0
1925
650
0
0
600
0
0
530
0
0
0
0
0
1928.571429
0
0
0
0
0
0
395.2380952
417.6282051
0
0
0
0
562.5
1804.761905
0
0
18100
0
0
0
0
0
0
3900
0
0
0
0
1900
2916.428571
0
3333.333333
0
0
0
0
3471.428571
0
0
0
0
0
0
15885.30762
0
4835.483871
0
15885.30762
0
4835.483871
0
7104.502814
0
6417.241379
0
9500
0
4484.90566
0
4056.036578
0
5092.307692
0
13141.37931
0
6735.9375
0
8142.424242
0
4614.285714
0
5458.312655
0
4555.172414
0
5391.205491
0
16218.40796
0
8891.735537
0
8238.235294
0
14489.66565
0
8032.53012
0
5659.100141
0
5438.461538
0
3968.141368
0
5951.724138
0
6014.649682
0
4676.119403
0
0
23900
0
0
0
4900
0
0
0
0
12674.19355
0
0
0
0
0
0
0
2600
0
1097.452229
0
0
5315.384615
0
0
3900
0
0
0
0
0
0
4100
0
0
0
0
0
0
0
0
0
0
0
0
0
0
0
0
0
0
0
0
0
0
0
0
0
0
0
0
0
0
0
0
0
0
0
725
0
0
0
0
0
0
0
0
0
0
0
9803.225806
0
386.4348255
0
1186.774321
0
0
0
1983.333333
0
0
6471.428571
0
1025
0
1550.793651
0
0
0
0
0
0
0
0
0
11520
0
0
5300
0
0
460
2900
0
10700
0
0
7154.142499
0
5209.734513
0
654.0232615
0
4587.5
0
556.1035953
0
4484.90566
0
0
0
900
0
700
4175
0
0
0
0
1775
0
34700
0
0
0
0
0
1775
0
0
0
1775
0
0
0
0
0
1775
0
900
0
0
0
0
0
10780
0
8845.454545
0
0
0
0
1900
0
0
16220
0
10634.54545
0
0
0
0
0
0
500
4460
0
0
1775
0
1775
2466.666667
0
0
0
1169
0
0
44900
0
891.6666667
0
44900
0
12263.63636
0
9570.761671
0
0
5900
6700
0
6628.205128
0
0
0
0
0
5150
8776.190476
0
0
8845.454545
0
0
0
8060
0
7188.888889
0
0
0
63900
887.5
21614.28571
0
0
0
0
0
0
13400
0
0
63900
881.25
0
0
136700
0
0
7900
600
485.7142857
0
885.7142857
0
0
0
0
0
0
0
900
0
1279.032258
0
0
11900
833.3333333
0
0
1460
6474.495272
0
1125
0
1050
0
0
0
0
5900
0
0
0
0
0
47452.23881
0
533.3333333
0
7141.37931
0
609.5476662
0
4484.90566
0
596.5086227
0
4484.90566
0
686.8809846
0
4587.5
0
6230.668853
0
3959.701493
0
0
1265.651713
0
4515.384615
0
0
682.8918274
0
4587.5
0
630.9770895
0
4555.172414
0
637.439791
0
4664.705882
0
0
0
1276.962776
0
4761.111111
0
948.3045619
0
4676.119403
0
0
23450
0
0
140900
0
0
0
0
0
0
0
0
17235.89842
0
4933.898305
0
0
0
11900
0
4770.12987
0
2374.758324
0
4484.90566
0
3667.728124
0
7808.653846
0
8302.051282
0
5074.129353
0
4484.90566
0
18251.80723
0
4835.483871
0
9161.595547
0
4445.454545
0
0
4886.052999
0
9161.595547
0
4445.454545
0
9161.595547
0
4445.454545
0
21893.12715
0
4988.195387
0
3556.986435
0
3715.309842
0
8530.945214
0
4783.72093
0
3466.04392
0
5104.819277
0
21893.12715
0
4988.195387
0
0
0
5733.333333
2330
0
4833.333333
0
0
0
35900
0
0
0
0
35500
0
0
0
13400
0
406.8518519
0
0
0
0
0
0
0
0
2100
0
400
0
9745.454545
0
0
0
0
0
0
14900
0
0
0
0
0
0
0
930.3030303
0
1880.709349
0
731.1688312
0
0
0
0
47900
0
0
0
0
0
211400
0
0
0
0
0
0
1400
0
1900
0
1900
0
1900
0
1900
0
1900
0
1900
0
1900
0
5900
0
5900
533.3333333
0
0
0
0
0
0
0
0
23450
0
0
0
0
0
0
650
0
471.4285714
0
400
0
0
0
0
0
0
0
19300
0
1277.990431
0
22700
698.245614
0
0
3900
0
11900
0
0
0
0
1733.333333
22700
0
0
400
1327.272727
0
5900
0
189900
0
23450
0
0
3900
0
3190.501792
0
1900
0
400
0
281900
0
0
0
700
0
0
3900
0
0
0
6557.142857
0
0
181900
0
0
2271.428571
0
0
0
5605.128205
0
0
0
170900
0
0
0
0
5100
0
0
0
0
0
0
275900
0
0
0
0
3900
0
0
0
0
1432.432432
0
2809.090909
0
1422.297297
0
0
2809.090909
0
32471.42857
0
0
3650
11087.27757
0
0
650
0
8150
0
0
0
0
0
0
0
0
0
0
5100
0
0
0
28546.15385
0
0
0
0
0
0
0
0
0
0
449.131016
0
0
0
2940
0
0
0
0
629.9173554
0
544.4444444
0
1766.666667
0
0
0
346.25
0
0
0
0
0
0
0
0
0
0
400
0
5000
0
19854.02299
0
0
2110
0
9500
0
0
0
0
528.5714286
0
0
0
0
0
0
0
60400
0
47517.78846
0
0
2634.375
540
0
353.8181818
720.5128205
0
0
0
1933.898305
0
0
0
0
0
0
0
0
2600
0
0
0
0
0
0
0
0
27900
0
0
0
0
0
0
5154.079254
0
0
14620
0
0
0
677.2727273
0
0
0
1900
0
700
0
6928.571429
0
1651.605184
0
0
0
0
0
0
60665.71429
0
60665.71429
506.0606061
0
31519.04762
0
2316.666667
0
0
3900
0
351.1062634
0
0
8071.900826
0
0
1775
0
0
0
22170.27027
0
25475.75758
0
0
0
0
0
0
0
0
1362.222222
0
4566.666667
0
0
500
350
0
0
2476.785714
0
0
0
0
0
0
3358.823529
0
0
0
0
0
0
0
0
0
0
0
0
0
0
0
0
0
0
0
0
0
0
0
0
0
0
0
0
0
0
0
0
0
0
0
0
0
0
0
0
0
0
0
0
0
0
0
0
0
0
0
0
0
4870.568182
0
0
0
0
0
0
0
0
0
0
0
0
0
0
0
0
0
0
0
0
0
0
0
0
0
0
0
0
0
0
0
0
0
0
0
0
0
0
0
0
0
0
0
0
0
0
0
0
6130.769231
0
400
2380
0
0
0
0
1400
0
2257.142857
0
0
0
0
0
0
0
0
0
0
0
0
0
0
926.6666667
0
0
584.4444444
0
0
0
0
0
0
0
0
0
0
0
0
0
566.6666667
0
0
0
2600
0
0
0
0
0
0
0
0
0
0
0
0
0
0
0
0
500
0
0
0
0
0
433.3333333
0
0
0
0
0
0
0
0
0
566.6666667
0
0
0
0
0
0
0
0
0
0
0
0
0
0
0
0
0
0
0
0
0
0
0
0
0
0
2720
0
0
0
1846.288156
0
0
2324.514247
0
0
0
0
0
0
0
0
0
2837.5
0
0
0
0
0
0
0
0
0
1780
0
0
0
0
0
0
0
0
0
0
0
0
0
0
0
0
0
0
0
0
0
455.5555556
0
0
0
0
0
0
0
0
0
0
0
0
0
0
0
0
0
0
0
0
0
0
8900
0
3002025
0
0
0
0
0
0
0
0
0
0
0
0
1988.888889
0
0
2052.941176
0
0
0
0
0
0
0
0
0
0
0
0
2741.666667
0
0
0
0
1656.720349
0
0
0
3740.070922
0
0
0
0
2525.26096
0
0
0
0
0
0
0
0
0
0
0
0
0
0
0
0
0
0
0
0
0
0
0
0
0
0
0
5684.291899
0
0
1873.28629
0
2139.583333
0
0
1028.571429
0
0
1510.59413
0
0
1142.55814
0
0
0
0
426.8817204
0
0
0
0
0
0
575
0
0
0
3711.428571
0
0
0
2675
0
691.7
0
0
40269.02655
0
11950
0
0
0
0
0
0
490.4761905
0
511.1111111
0
2025
0
95900
0
1100
0
0
230900
0
0
0
0
15800
7430.791789
0
0
0
0
0
0
0
6275
0
809.2222222
0
0
0
0
365.7709533
0
0
3200
0
3380
0
14300
0
581.8181818
0
633.3333333
0
0
4333.333333
0
20900
0
3900
0
426900
0
0
0
0
756.1320755
0
0
0
0
0
189900
0
0
0
0
0
0
357.03125
0
0
4400
0
3509.375
0
4566.666667
0
4900
0
0
0
2900
0
1500
0
0
0
0
3983.333333
0
0
0
0
634.6641538
0
0
0
0
0
0
0
0
2500
0
0
500
0
0
0
0
0
0
1442.857143
2036.864847
0
0
0
20400
0
0
0
800
617.9487179
0
0
0
0
420
0
434.375
0
0
0
0
5900
0
6233.333333
0
717.1428571
0
0
0
0
0
400
0
2600
0
0
1022.839506
0
0
0
4685
0
9470
0
23700
0
0
0
10100
0
962.5
0
0
0
173900
0
0
8700
0
0
2400
0
4700
2150
0
0
0
22053.84615
0
1168.227425
0
0
1433.333333
0
0
0
0
7400
0
0
837.5
753.3333333
0
0
0
1005.066667
0
900
0
0
8650
1147.563353
0
0
0
0
0
0
0
11900
0
0
5900
0
56900
0
0
0
10300
0
0
0
0
0
0
0
0
0
0
13500
0
0
0
9171.428571
0
0
0
0
0
0
980
0
129900
0
0
59300
0
0
0
6806.25
0
0
0
15415.15152
0
0
0
0
0
6012.5
0
0
0
5650
0
0
189900
0
0
25042.85714
0
0
950
1060.714286
0
0
0
0
0
800
0
0
0
1600
0
0
0
0
2300
0
0
0
0
3900
0
1500
0
1075.757576
0
0
0
3900
0
0
0
0
7900
0
0
0
0
1400
0
0
0
0
0
0
9900
400
0
0
0
0
0
0
0
0
0
0
0
9500
0
0
5900
0
0
0
0
427.7777778
0
7950
0
4344.444444
0
0
130400
0
0
0
0
0
0
45900
0
10700
0
1533.333333
0
0
0
0
0
0
5285.714286
0
36462.5
0
350
0
0
0
0
875.8653846
0
1144.444444
0
0
0
0
0
0
0
0
0
0
0
0
1011.111111
0
0
0
0
0
0
0
0
0
0
0
0
390
1265.05425
0
0
1127.040635
0
0
0
823.9583333
0
0
0
0
204819.4595
0
775
0
0
1247.5
0
1034.736842
0
1034.736842
0
1034.736842
0
0
0
0
0
18435.41667
0
612.5
353.3333333
0
0
0
0
1622.767857
0
0
0
0
0
0
41233.33333
0
0
0
726.875
0
0
0
3750
0
0
5675
0
3650
0
24185.71429
0
3136.42732
0
0
0
37900
0
0
1614.285714
0
406.25
0
2728.395062
0
514.3333333
0
0
0
0
550300
0
0
1450
0
1127.272727
0
2600
0
0
0
0
0
0
0
0
243900
0
0
0
0
0
0
0
0
0
476.9230769
0
0
9066.666667
8628.571429
0
0
9100
0
0
9500
0
0
378.125
0
0
0
53900
0
0
0
0
0
0
0
0
0
0
0
0
0
505.4945055
0
0
0
0
0
0
0
0
1100
0
0
239900
0
0
0
2140
0
1900
0
119900
400
0
0
0
0
419900
0
0
599900
0
0
0
0
0
0
0
0
0
0
0
0
757.1428571
0
0
0
500
0
0
0
0
0
0
0
0
3500
0
17900
0
0
0
3900
0
0
0
4400
0
765.4545455
0
0
0
0
0
0
0
0
0
0
0
0
0
971.4285714
0
0
0
190714.8148
0
0
2487.5
0
0
0
0
358.3333333
0
20809.09091
0
0
0
841.1764706
0
0
0
0
12837.5
0
0
2775
0
0
0
0
0
0
0
0
0
0
0
0
0
0
0
0
425
0
605
0
0
0
0
575
0
0
0
0
0
16507.14286
0
0
0
0
0
0
3050
5614.285714
0
0
0
0
0
0
0
0
0
0
0
0
0
0
0
0
1700
0
0
486.6666667
0
4400
0
0
3900
0
0
5150
0
0
0
0
0
5900
0
0
7300
0
0
0
0
2376.190476
0
0
0
0
2900
0
0
0
1550
506.0606061
0
0
0
0
0
0
0
0
0
693.3884298
0
0
0
0
0
5525
0
0
0
8766.666667
11950
0
0
0
0
0
0
0
69568.75
0
0
900
0
0
0
5500
0
0
800
0
9400
0
0
0
47509.18367
0
0
0
0
0
0
0
0
0
12344.44444
0
407.5
0
0
0
566.6666667
0
0
0
0
0
0
4900
0
0
4025
0
0
0
0
0
0
0
0
0
0
0
0
1233.333333
0
0
0
0
4900
0
0
0
1775
0
0
0
0
700
0
700
0
700
0
700
0
700
0
700
0
700
0
700
0
700
0
700
0
700
0
700
0
700
0
700
0
700
0
1020
0
0
0
0
0
0
0
0
2983.333333
0
0
516.6666667
0
0
0
0
11900
0
0
0
0
0
520
0
0
0
0
0
0
0
119900
0
0
0
0
20627.27273
0
0
0
9066.666667
0
0
816.6666667
0
0
0
0
2166.666667
0
0
0
0
0
5500
0
0
0
1900
0
2642.307692
0
1728.205128
0
2642.307692
0
0
585.5769231
0
0
0
0
0
0
0
0
22066.66667
0
0
0
0
0
0
0
0
0
1494.414063
0
0
506.2222222
0
0
2173.333333
0
0
0
0
0
0
756.9604087
0
0
0
278900
0
0
0
0
0
0
0
0
0
0
0
0
0
416.6666667
0
239900
0
0
5150
0
0
400
0
0
0
94900
0
2700
0
0
0
0
462.5
0
0
0
0
563900
0
0
101900
0
0
2479.813665
0
0
0
2300
0
0
0
0
0
0
500
0
0
6902.573099
0
0
0
0
0
0
344.4444444
0
0
0
0
0
0
0
1422.222222
0
31900
0
0
0
0
0
0
33900
0
39900
0
1125.324675
0
0
2350.649351
0
3900
0
0
0
0
0
751900
0
0
0
0
1500
0
0
0
0
0
0
0
0
0
5200
0
406.6666667
0
0
0
0
9500
0
73900
0
0
100400
0
0
0
407.1534467
0
0
0
1672.487196
0
0
0
1244.927536
0
0
0
1871.609786
0
0
0
400
0
0
0
0
0
0
0
0
2300
0
0
378.5
0
0
0
0
2879.047619
0
0
0
0
0
0
683.8633687
0
0
0
0
3204.166667
0
0
0
0
0
1508.695652
0
1508.695652
0
2750
0
18100
0
0
0
780
10027.38636
0
0
2033.076923
0
0
0
0
48504.83871
0
0
0
0
0
0
0
1372.895768
0
0
582.4038462
0
0
668.90975
0
0
861.3095238
0
0
0
4300
0
0
700
0
0
0
36263.63636
0
0
0
0
0
0
0
0
0
0
9580
0
4500
0
0
0
600
0
0
0
0
10340
0
0
0
5834.163934
0
4775.573921
0
0
0
0
0
0
0
0
0
0
0
0
492.6773455
0
0
0
0
0
0
0
0
0
0
0
0
0
0
0
0
0
0
3921.381579
0
0
3300
0
0
800
0
0
0
0
0
400
0
0
0
0
0
0
0
0
0
0
0
0
951.3333333
0
1634.8659
0
0
464.1544118
0
0
588.6077217
0
0
705.5113937
0
1462.100031
0
0
0
0
0
0
5300
0
0
0
0
0
4195
0
0
0
0
0
3353.125
1856.923077
0
0
0
0
0
0
0
0
0
0
0
0
0
0
0
0
0
0
400
0
0
2664.285714
0
400
0
0
0
0
0
0
552.5
0
0
0
0
0
0
0
0
2800
0
0
0
347.0588235
0
0
2800
0
0
0
600
0
600
0
0
0
0
0
3389.361702
0
0
0
2100
0
373400
0
702.6315789
1533.333333
0
400
0
0
0
0
866.6666667
0
0
900
0
0
0
0
0
685.7142857
354.5454545
0
2800
0
0
0
3633.333333
0
0
0
0
0
0
0
1982.5
0
0
0
5362.5
0
0
0
0
0
2800
0
20200
0
0
0
0
0
1550
0
0
0
0
0
51900
0
0
2800
0
604.3733333
0
0
2802.564103
0
2802.564103
0
0
0
650
0
0
0
0
1150
0
0
0
0
891.6666667
0
0
0
0
0
0
0
836
0
0
0
836
0
0
0
0
0
500
503.7037037
0
0
0
1900
5300
0
0
0
0
0
0
0
0
0
0
0
0
0
8185.714286
0
0
350
511.1111111
0
0
0
0
0
0
0
0
0
0
0
0
0
0
0
0
655.1724138
0
0
0
0
0
0
1932.5
0
0
0
725
0
5400
0
2993.333333
0
0
6028.571429
0
0
0
0
0
0
346.875
0
0
0
0
0
0
0
900
0
0
0
860
0
0
0
0
0
0
659.0643275
0
0
0
920
0
0
0
0
0
0
0
4300
0
4625
0
0
5233.333333
0
753.3333333
0
0
0
0
3657.142857
0
0
0
0
0
1239.563863
0
0
0
0
0
0
0
0
0
0
0
0
4308.163265
0
0
0
0
0
0
0
0
0
0
0
0
0
0
379.7660819
0
0
645.6140351
0
0
366.5959703
0
0
0
0
0
0
0
0
0
0
2367.348544
0
0
4566.666667
0
0
919.5121951
0
0
0
0
0
446.1805556
815.4481882
0
0
402.173913
0
0
0
1900
0
0
0
0
0
0
0
0
0
0
0
0
0
0
0
4300
0
447.7599324
0
0
1625
0
0
0
0
0
0
0
2695.294118
0
0
0
0
0
2523.076923
0
0
0
955.5555556
0
0
0
1100
0
0
740
0
2618.75
0
0
0
4550
0
2971.428571
0
0
2900
463.3333333
437.305952
0
0
0
0
0
0
7650
0
0
0
2900
1012.5
0
0
0
0
1975
0
0
0
0
0
0
0
514.2857143
0
0
0
0
53900
0
0
0
0
0
6910
0
0
0
0
0
933.3333333
0
0
0
0
0
0
1700
0
900
0
614.2857143
0
0
0
0
0
400
0
0
0
614.2857143
905.5718954
0
614.2857143
0
0
5900
0
0
0
1290.909091
0
0
0
0
0
700
0
0
0
0
0
636.1111111
1275.471698
0
0
0
0
446.1302349
0
0
1252.380952
862.2405486
0
0
0
0
366.11387
0
0
566.6666667
1274.107143
0
0
0
0
675.4535097
0
0
3442.857143
1188.306452
0
0
0
0
0
0
0
0
8857.142857
0
0
0
8911.857708
0
0
0
8742.307692
0
0
0
9420.786517
0
0
0