500
16.66666667
1100
18.33333333
1700
18.88888889
500
16.66666667
500
16.66666667
1100
18.33333333
1700
18.88888889
1700
18.88888889
1700
18.88888889
1900
19
1700
18.88888889
1700
18.88888889
1900
19
0
18.23529412
0
0
0
0
0
0
0
18.23529412
0
0
0
0
0
0
1700
18.88888889
1700
18.88888889
1700
18.88888889
500
16.66666667
1100
18.33333333
870.5627706
99.37555754
1900
20300
99.50980392
5900
1700
18.88888889
0
3005.555556
99.64221825
1550
18.78787879
1550
18.78787879
1550
18.78787879
1700
18.88888889
0
16.66666667
0
16.66666667
500
16.66666667
500
16.66666667
100
16.66666667
0
17.14285714
0
500
16.66666667
1700
18.88888889
19.19716647
233.3333333
15
300
17.5
242.8571429
18.88888889
1700
18.88888889
1700
18.88888889
0
16.66666667
1700
18.88888889
1700
18.88888889
500
16.66666667
99.73901406
11733.33333
99.85915493
1100
2530.166667
99.6831633
31462
99.6831633
1700
18.88888889
1700
18.88888889
1700
18.88888889
1700
18.88888889
1700
18.88888889
1900
19
17.07317073
483.3333333
16.57142857
0
0
870.5627706
99.37555754
1900
172.5517241
99.56140351
6400
0
97.39583333
15.55555556
350
237.7777778
14.07894737
18
5200
98.11320755
500
16.66666667
177.7777778
17.11904762
0
0
5974.442105
98.35375828
0
350
0
130.4444444
0
0
379.338843
15.82758621
1966.115702
18.57333333
0
14.89294211
0
98.46153846
0
99.12769489
0
217.7083333
6527.612088
99.50529867
0
0
0
0
210
0
0
0
0
4462.5
17.26027397
16.44444444
0
301.0416667
14.45887446
260.9375
14.45887446
0
0
260.9375
14.45887446
260.9375
14.45887446
0
301.0416667
14.45887446
260.9375
14.45887446
0
410
15.64270153
344.6666667
15.50224888
359
15.64270153
260.9375
14.45887446
0
394.0740741
15.95202399
301.0416667
15.01298701
301.0416667
15.01298701
97.43589744
3900
97.1875
0
125
0
0
212.5
0
18
14.24621707
17.33333333
0
16.66666667
366.6666667
0
0
1550
98.18181818
0
0
266.6666667
15.47474747
14.28571429
0
0
8731.210191
98.72610891
0
170
15
1988.888889
19.04255319
100
0
100
0
16
2400
0
134.2857143
16.34146341
16.75
2361.538462
19.1875
2521.648072
19.2371211
15.8974359
17.14285714
0
98.9010989
1366.666667
18.63636364
397.4452907
0
18.66666667
668.4322034
18.77998346
0
0
417.8571429
0
19.22969188
18476.27119
17.41605839
0
18.14414084
0
1153.066403
18.40391539
0
0
352.3809524
0
0
4028.045867
19.00694444
0
0
0
0
103.5002035
0
0
0
0
19.23634975
2519
19.23634975
2519
98.27586207
99.15254237
17.46031746
400
0
98.30508475
99.66329966
16
150
1100
0
254.5454545
0
0
0
0
0
140.6015038
0
2666.917293
19.27717391
260.9022556
14.45833333
0
0
140.6015038
400
16.57142857
0
0
0
0
0
1207.142857
18.46994536
0
0
16.66666667
2750
18.3625731
430.3571429
16.76767677
0
206.4285714
0
0
177.5510204
0
15.79545455
0
0
676.4705882
115.6565657
18.80562061
0
10100
97.66339869
462.619199
2433.333333
353.9487462
99.76811665
9400
19.05263158
2033.333333
0
18.29896907
0
17.8021978
725
0
997.1428571
18.17708333
894.2857143
17.98850575
2063.428571
19.07554147
16.57142857
575
17.03703704
575
17.03703704
483.3333333
16.57142857
575
17.03703704
483.3333333
16.57142857
483.3333333
16.57142857
483.3333333
16.57142857
490.8513846
99.02952085
7409.375
97.5031211
12716
99.32376196
938.4615385
14.02666667
19.12386156
18.50344964
99.5412844
65900
18.33333333
1688.143251
96.69699282
0
15.82681273
274.8197115
0
224.84375
17.53727754
712.109375
17.53727754
3500
15.32434641
713.1661716
98.90410959
1127.777778
0
17.5
0
101.9919623
429.9512468
0
15.45259135
971.6210148
18.02746128
18.40982006
1263.095238
18.53275109
1263.095238
18.53275109
1157.719298
18.40982006
1263.095238
18.53275109
1263.095238
0
99.46994002
18765.78947
17.08467011
586.0287081
17.08467011
16.12310972
171.3642473
0
19.24137931
0
0
0
725
0
17.91666667
860
3256.800766
97.4398987
4449.090909
97.44204636
17.91666667
725
0
0
0
0
580
17.05882353
18.66666667
900
0
14.34343434
17.14285714
250
14.28571429
250
99.375
600
8360.78253
97.2646907
98.85057471
0
560
0
0
18.72340426
0
0
150
0
2450
19.21568627
150
16
400
16
400
98.12414842
0
0
0
3785.714286
97.42647059
204.7619048
1971.428571
16.96551724
0
1500
0
98.33333333
400
0
0
0
0
99.12280702
0
340
0
0
0
0
0
0
0
219.1176471
99.53917051
100
0
100
0
100
0
100
0
100
0
233.3333333
14
233.3333333
14
233.3333333
14
100
0
0
0
100
0
100
0
17.14285714
1325
17.06666667
14.25837321
248.3333333
14.25837321
2025
19.05882353
290.9090909
17.86821705
838.1818182
17.86821705
838.1818182
0
0
0
9849.333333
99.24953096
489.2857143
16.60606061
18.57142857
0
0
0
4820.32967
97.96761586
0
225.7142857
0
0
0
0
0
0
0
0
100
18.75
0
2805.215827
98.72642853
16.62162162
492
356.0810811
15.61481481
0
0
18.7106599
901.5748031
0
0
269.1118083
96.95326315
0
16.50577748
439.6825397
19.01960784
1940
14.11764706
240
1248.039216
18.51636364
0
0
18.03921569
920
18.03921569
21901.73077
19.23769523
1066.666667
14.85714286
0
97.56756757
0
527
18.40510367
3984.736842
0
0
256.1069958
179.2544748
0
0
19.20634921
3620
18.65232975
0
15638.66667
99.36462216
433.3333333
207.5
0
1622.710177
0
0
1191.034483
0
19.23076923
98.38709677
4850
97.97979798
0
0
2500
4600
0
17.05882353
17.33333333
650
17.33333333
650
0
0
2280.826737
19.16549686
752.5896414
18.06853583
219.3548387
0
0
0
0
0
219.2851824
0
14.19210722
0
0
1652.866242
18.85901163
0
0
0
1014.16309
18.2113508
98.76149334
0
17.46863799
6088.495575
0
16.25
98.00884956
0
99.16666667
7455.555556
2772.058824
19.30363543
1217.013575
18.35554056
13454.44444
99.26223461
0
0
18.4516145
515.8940397
16.75268817
0
9565.680473
98.96541169
98.27586207
98.38709677
940
18.07692308
2800
99.08045977
375
0
0
0
0
0
220
0
2193.333333
97.6744186
17.5
166.6666667
0
0
0
98.27586207
5361.633493
99.45216896
323.75
97.05014749
2622.222222
0
0
0
0
0
2366.666667
19.27736486
0
0
143.5714286
0
0
16.53571429
0
0
0
0
19.21052632
9729.869281
98.7340173
135.7142857
15.90909091
470.3703704
0
0
391.6666667
98.30508475
11900
18.66666667
125
1855.555556
18.97727273
15.83333333
380
15.83333333
0
0
18.63636364
200
411.1111111
16.08695652
466.6666667
16.47058824
0
0
0
0
0
16
400
0
0
359.2592593
0
97.10526316
27433.94495
18.83779821
186.4583333
16.50909091
330.46875
149.7277677
0
2049.969231
19.01941141
0
152.2167488
0
152.2167488
0
1539.408867
18.78004808
110.180624
0
16.0591133
407.5
16.0591133
540
0
916.9491525
15.66666667
1218.540925
18.13313458
18.75
316.1290323
0
18.5
200.6060606
1683.783784
18.73411535
17.05357143
578.7878788
0
0
0
0
238.2173382
16.05776173
0
11577.05474
99.40683613
0
178.0208333
16.62795054
498.1538462
163.0315501
0
1705.737185
19.28856118
0
285.4014599
14.81060606
0
1088.019129
97.45762712
4900
18.67566667
0
231.0833333
0
0
194.375
15.64048125
358.7662338
15.64048125
250.6493506
0
6178
98.93809069
150
0
0
34429.88827
99.71039582
337.6666667
15.43031226
337.6666667
15.43031226
5843.816698
98.31757934
18.61111111
1335
0
0
140
15.55555556
350
15.55555556
98.24561404
0
99.67105263
220
7000
99.43661972
7000
19.29577465
0
671.4285714
0
98.88888889
191.6666667
0
0
3766.666667
99.48275862
0
220.625
0
0
0
400
16
3224.902869
19.1964051
0
0
0
0
15.23809524
320
15.23809524
5700
18.22660099
0
99.23115079
1150
0
0
1400
16
1900
930.1403509
98.01310217
400
16.57142857
0
0
0
0
6000
98.36065574
0
0
0
18.86363636
940
18.07692308
9340
98.94067797
0
0
0
0
0
0
0
0
0
0
0
0
16
300
16
0
700
15.5
301.5531892
97.02662722
17.86666667
2733.243119
0
14.64829864
0
19.13513514
0
15.29411765
220
20212.5
99.42307692
14.66666667
0
4400
14.76190476
0
211.1111111
0
918.5185185
18.03636364
522.2222222
15.92592593
19.22077922
2525
19.23809524
2525
19.23809524
2466.666667
19.22077922
2525
19.23809524
2525
0
19.22077922
2466.666667
2300
0
19.23076923
8966.666667
98.56440571
357.1428571
15.55555556
0
18.56786134
5446.666667
98.07692308
0
15.73333333
4600
17.65957447
0
138.1996234
98.13415136
530
16.82539683
530
16.82539683
530
120
98.25174825
345
97.37827715
1385.714286
98.07692308
100
0
143762.201
98.70246204
419.1071429
16.14723082
419.1071429
0
18.28767123
1172
18.76834382
226.8085106
15.42410714
15.44715447
339.2857143
16.58536585
0
900
18.66666667
1400
653.3333333
17.34513274
693.3333333
17.4789916
96.66666667
300
650
17.33333333
650
1200
98.65384615
407.9365079
18.125
110
433.3333333
454.0332512
0
0
0
0
0
0
600
0
18.7561014
200
670.5555556
17.76135544
0
0
18.97435897
0
18.33333333
300
0
6306.842105
97.18113859
909.9667774
97.53289474
15.55555556
350
15.55555556
0
802.8571429
97.0464135
0
16
0
18
98.83886016
0
0
99.72527473
51356.95364
18.35785071
14.63840302
840.2294708
18.80620155
0
329.6675192
1024.092675
18.73726731
0
916.2994627
18.0320761
0
0
16.28482972
6033.333333
0
0
99.78723404
1942.857143
0
0
0
0
15.07692308
17.5
116.6666667
0
116.6666667
0
0
2825
19.31623932
983.7762238
18.35286665
10670.83333
99.07156673
0
0
2825
19.31623932
983.7762238
18.35286665
10670.83333
99.07156673
0
0
2772.058824
19.30363543
1217.013575
18.35554056
10667.77778
99.07130327
0
0
2558.139535
19.24759405
1306.511628
18.37662338
10643.33333
99.0691902
0
0
2766.776316
19.30235227
901.6447368
18.3908046
10814.28571
99.08376963
0
0
1030.769231
18.23129252
0
2801.315789
19.3106576
1124.232456
18.36990596
14288.46154
99.30499866
0
0
1078.04878
18.30227743
98.88888889
5750
2686.324786
19.28220859
1368.2861
18.47593583
10655.55556
99.07024793
0
767.5065492
702.4244794
0
2618.75
19.26436782
1281.153846
18.37092732
10650
99.06976744
0
0
2686.324786
19.28220859
1269.625247
18.37999232
39977.0416
99.75048058
228.8135593
0
99
6312.5
2722.612086
19.29143646
1337.980917
18.46201743
17894.87179
99.44428612
16.92307692
99.23076923
8000
2751.851852
19.2987013
960.4288499
18.47593583
20234.72222
99.50823031
100
0
0
208.5714286
0
362.8571429
15.67901235
2231.428571
19.14215686
1280.952381
18.40793103
11783.04094
99.15846457
0
1031.313131
18.23214286
0
2562.5
19.24882629
917.6923077
18.39208411
14543.75
99.31711481
0
0
98.88888889
8900
0
2696.568627
19.28483786
1387.109084
18.50248996
577.9661017
17.05
0
7963.241107
98.75980392
1006.719368
18.19285714
0
0
0
14042.85714
96.96969697
11766.66667
99.15730337
0
16.18181818
15.9575079
99.37432628
0
15
500
0
17.5682334
18.12734082
0
97.56416575
16.66666667
18.75
98.92473118
1271.446488
16.03718945
18.38
6616.049383
98.51102941
0
17.29441614
0
15
0
184.959276
0
184.959276
0
184.959276
99.63302752
6600
613.7764784
97.11174685
1118.461538
6300
0
98.46153846
96.875
25349.6318
97.14632414
3944.75043
97.52765957
140
0
0
15.13513514
17.77777778
800
0
0
19.25
150
700
0
0
99.85507246
40014.28571
2993.660969
96.76758375
1027.305443
18.30211825
254.2589216
14.35441176
0
254.6453546
14.36056338
0
10019.10549
99.01177036
0
0
0
98.88888889
5788.888889
2600
19.25925926
929.59285
18.5348669
10436.58537
99.05092593
0
0
2558.139535
19.24759405
1306.511628
18.37662338
10643.33333
99.0691902
0
0
100
0
700
0
14150
19.29824561
98.93617021
100
500
0
167.8571429
144.4444444
98.93617021
100
98.93617021
100
14.86291069
99.48193543
300
12275
0
18.997
1216.051844
18.32506887
98.93617021
100
320
96.82539683
18.93569845
400
100
0
98.93617021
100
1400
0
0
98.93617021
100
98.93617021
100
0
0
15
2015
0
18.57142857
9300
98.93617021
0
200
0
0
0
0
99.10714286
0
150
0
97.43589744
5400
98.18181818
1100
266.6666667
96.96969697
185900
98.92473118
19
1900
99.11504425
19.23809524
14.078915
99.21585028
0
167.8571429
966.6666667
97.5
300
237.5
0
0
0
0
0
300
15
0
0
18.22222222
1100
18.01242236
19.31428571
0
0
0
16.53846154
6857.580418
15.40069994
18.88888889
326.6666667
0
0
14.36585366
0
18.10169492
1480
415.6799539
17.65554213
98.00569801
4914.285714
154.2735043
0
97.2972973
1900
17.56097561
1100
19.16666667
98.28336557
3866.666667
19.15966387
6700
18.43137255
0
0
97.52747253
3944.444444
18.07118255
0
17.1273914
238.7212644
14.20087865
0
4528
16.88850475
18.33333333
11500
97.84482759
0
0
98.27586207
13348.27586
98.71794872
0
2558.139535
19.24759405
1306.511628
18.37662338
10643.33333
99.0691902
0
0
2558.139535
19.24759405
1306.511628
18.37662338
13026.66667
99.23819198
0
0
0
2774.80457
19.30430054
937.0014031
18.19777331
241.8275418
14.14909639
0
0
0
241.5966387
14.14514145
0
8642.857143
98.85620915
0
1095.061728
18.32644628
0
2693.209877
19.2839779
1242.592593
18.39737274
10098.77049
99.01948965
0
1021.478873
18.2166405
98.88888889
5788.888889
2667.924528
19.27743695
1260.580552
18.36614998
10655.55556
99.07024793
0
0
2558.139535
19.24759405
1306.511628
18.37662338
10643.33333
99.0691902
0
0
2662.068966
19.27590512
942.7586207
18.37662338
10643.33333
99.0691902
0
15
0
2728.125
19.29281768
972.6704545
17.96069707
214.2857143
0
528.5714286
0
0
0
8394.520548
98.82277052
1021.917808
18.21733822
98.88888889
5728.571429
2627.941176
19.26684636
954.4955324
18.60401606
10063.17016
99.01605505
0
938.961039
18.075
17.05882353
16
320.5607477
98.33333333
0
0
17.33333333
99.8152545
17423.87273
139.9014311
97.1455771
0
0
0
144.5449975
98.75440658
17.58490566
728.125
17.58490566
728.125
109.0618337
0
0
0
175.2013635
0
97.64705882
0
19.27272727
0
97.05882353
98.7654321
98.49915361
0
1997.777778
19.04661017
15.16049383
313.2653061
15.16049383
98.94813589
0
0
9810.838663
98.99100365
15.84749879
381.6374269
15.84749879
97.82543038
0
98.99965565
0
4539.260401
97.844484
0
0
0
0
14.22222222
15.02608696
99.62264151
11375
2889.106754
19.33090379
1191.503268
18.3805668
233.3333333
14
0
0
18.38383838
773.90625
17.711425
773.90625
208.09941
0
271.0917219
17.07790435
13213.7931
99.24889925
0
16.56652361
15
52566.66667
98.97151899
1723.636364
98.74920692
0
0
0
99.16666667
7455.555556
2772.058824
19.30363543
1260.090274
18.40762379
584.4444444
17.07792208
0
0
0
12611.11111
99.21328671
0
19.04761905
900
99.03846154
7820
15
316.6666667
0
0
14.8757764
0
0
18.78787879
3900
0
0
19.24110672
1560
0
0
0
0
2558.139535
19.24759405
1306.511628
18.37662338
10643.33333
99.0691902
0
3058.043997
98.87014237
1114.798206
18.35363603
0
2924.834437
96.69403394
981.4857041
18.17824806
0
589.3617021
2475
99.43264563
17.11229947
1119.340378
18.35976891
98.27586207
98.27586207
98.88888889
5728.571429
2696.568627
19.28483786
1282.08061
18.4
10079.31034
99.01761518
0
1011.764706
18.2010582
17.17458398
98.88888889
5728.571429
2696.568627
19.28483786
1310.135002
18.4207464
516.3328197
0
0
146.5331279
5000
98.8002451
1044.024515
18.25178571
0
2688.906009
19.28287293
1234.123504
18.34843639
9774.125874
98.98725212
0
99.54545455
13011.11111
2905.084746
96.67230682
1003.937419
18.34183673
10683.33333
99.07264297
0
98.5
441.6666667
98.5
441.6666667
17.304156
0
2742.857143
19.29648241
1138.282209
18.23802832
528.5714286
0
0
17.14285714
16.66666667
5942.307692
99.02783404
0
97.87852886
1091.474554
449.5582652
0
698.7742594
17.49616368
0
2293.089431
19.16426023
823.1310322
18.01694099
0
583.8559814
0
14.15081522
0
0
97.69181789
2506.896552
98.61111111
7100
0
241.902109
14.15037244
16.85793872
536.5248227
0
8042.991507
98.77195009
99.89641778
94691.66667
412.7032967
16.09910837
0
203.9751553
125.4072042
0
701.056338
17.5032967
0
2732.352941
19.29387331
960.4524887
18.36614998
11526.38889
99.13988771
0
99.54545455
13011.11111
2905.084746
96.67230682
1003.937419
18.34183673
10683.33333
99.07264297
0
3900
14
3833.333333
97.45762712
0
0
98.7804878
654.2857143
17.34848485
654.2857143
17.34848485
604.7619048
17.16216216
604.7619048
17.16216216
604.7619048
14
16.66666667
100
175
19.22077922
0
200
98.31356393
14.66666667
18.96341463
0
98.79518072
300
0
15.50684733
18.71794872
2846.666667
17.93589744
0
18.01388889
0
18.01388889
0
18.55769231
17.77777778
99.96916895
4400
97.77777778
4400
1388.888889
18.30514096
6560
18.81081081
0
17.25
133.1818182
98.88888889
2220
98.27586207
98.21428571
97.33333333
3650
0
18.88888889
98.78378378
0
7200
99.5890411
1261.111111
18.53061224
733.3333333
172
19.11764706
733.3333333
17.6
733.3333333
172
19.11764706
733.3333333
172
0
172
0
172
19.11764706
1400
19.15946349
0
507.9787234
99.56255468
28830.06993
18.38033081
0
98.26839827
5757.142857
0
0
1932.729881
18.70186717
1300.701992
18.57214453
207.8446731
0
700
380
337.8947368
99.52423878
233.3333333
14
233.3333333
14
233.3333333
14
326.6666667
15.3125
326.6666667
15.3125
326.6666667
15.3125
233.3333333
0
0
14
233.3333333
14
233.3333333
15
97.82608696
98.35164835
99.74362611
10500
0
0
19.25925926
10765.7337
19.07967559
16
2371.680672
15.89348247
510.8374384
16.4516129
0
18.13519814
725
18.78787879
6900
18.42857143
341
0
0
97.71232485
700
446.40625
0
214.88006
0
0
0
0
18.24879227
600
17.14285714
1000
18.18181818
3800
97.43589744
1042.068966
18.24879227
1042.068966
18.24879227
300
15
3330.177515
97.08469898
100
0
1700
18.88888889
1064
18.28178694
1072
18.29351536
5914.814815
0
16.2065182
17.7581457
774.3944228
16.64864865
0
774.3944228
17.7127027
0
16.66666667
99.46998755
891.6666667
17.98319328
98.27586207
17.62096774
5980
98.35526316
287.5
132.2580645
17.91666667
17.33333333
650
17.33333333
650
15.65217391
18
0
8600
98.85057471
11500
98.27586207
0
97.35449119
2177.807487
0
0
494.9871887
17.80353215
0
15.66666667
3828.445474
97.40688373
0
96.80851064
97.17695257
18.26086957
0
38270.0495
18.58324105
2180.645167
19.12305516
16.1369443
417.7248677
157.5370465
0
194.3280531
0
727.7976495
97.77777778
443.6111111
0
0
100
292.5
98.40764331
0
4114.285714
97.62711864
99.17012448
100
0
100
0
0
17.78380823
18.90909091
1733.333333
18.90909091
1733.333333
287.5
15.16129032
113.3333333
0
6300
97.1875
5600
98.24561404
100
0
6800
98.55072464
800
17.77777778
1300
4400
98.88888889
20400
99.51219512
200
18.82352941
2900
17.33333333
15
17.14285714
0
0
8700
98.86363636
98.7804878
99.49238579
8900
98.88888889
15
0
8700
98.86363636
17.17647059
0
15.3125
860
17.91666667
3281.21547
19.27854526
14.53416149
265.9090909
15.0310559
311.25
0
19.20863309
3063.636364
96.83908046
9000
180
98.9010989
98.32380952
98.25174825
5620
500
98.07692308
0
8700
98.86363636
8243.75
0
18.52502781
0
0
3829.399368
98.93961741
374.7252747
0
0
1146.65404
18.39570568
16.43518519
461.038961
0
0
206.25
0
155.2083333
0
98.27586207
308.3333333
150
19.07692308
0
344.4444444
0
0
5142.105263
98.09236948
0
0
0
0
0
19.3215812
4880
97.99196787
0
0
0
0
0
97.89473684
100
3385
97.13055954
3100
96.875
15.5
0
0
0
0
0
1050.684932
18.26190476
146.5753425
0
96.66666667
96.66666667
98.88888889
662.5
17.54098361
113.3333333
0
5233.333333
98.125
860
17.91666667
0
5400
98.18181818
98.27586207
965.2244435
98.81622223
0
0
212.3595506
19.20863309
3063.636364
96.83908046
15500
99.03846154
10400
98.94179894
2930
96.69966997
0
0
98.7804878
1500
17.71428571
8600
98.85057471
18.63636364
17.64705882
18.125
9400
99.22807018
4304.545455
18.25386997
1699.054374
18.88830486
526.8058839
16.80921949
0
17.97619048
0
0
0
0
14250
0
18.30323115
0
0
9680.859917
98.24730573
18.7523246
0
10308.68538
98.39823218
98.96405263
1466.666667
18.72340426
17.5
700
98.13278008
3944.444444
97.52747253
18
0
205.4545455
19.16666667
0
100
9100
99.86413043
700
98.20872929
14.66666667
2484.914596
0
3312.5
17.33333333
98.60966953
0
16.62999018
96.79633028
0
494
0
0
0
18.95652174
0
0
100
4167.123288
0
18.67886179
4773.846154
15.15151515
18.30729167
15666.15385
99.3657299
133.8461538
0
569.8039216
17.01405152
569.8039216
17.68944463
0
470.6031746
17.28774897
0
569.8039216
17.01405152
569.8039216
17.68944463
0
498.6904762
0
0
16.65937562
16.19047619
0
498.6904762
16.65937562
16.19047619
232.2291022
15.5642531
350.8823529
15.5642531
350.8823529
0
592.0454545
17.91921182
0
0
0
382.1428571
0
16.11111111
17.14285714
25569.23077
99.61042853
26180
15.02790462
18.57142857
15.71428571
366.6666667
1502.857143
18.75222816
245
19.25925926
97.01696438
0
0
99.51910232
21837.5
0
2004.504505
19.04965753
19.2027439
0
0
4676.923077
97.90660225
16.76470588
16.36363636
0
6263.636364
98.42857143
0
0
0
17.76795565
102.4096386
0
5639.759036
98.25776658
96.882494
3469.230769
1400
0
98.4375
580.5555556
15.04081633
0
375.2
0
0
5202.793448
97.45281974
0
0
0
0
0
2029.166667
19.06066536
0
0
0
18.44858156
780.4571429
18.16978193
0
193.75
240.4255319
14.125
19.09219858
2103.125
208.6524823
0
536.1054767
16.62946429
0
17.94871795
1736
17.49455338
6095.652174
17.42315789
0
494.1901408
16.44444444
15.55555556
0
4907.407407
98.00295858
18.61111111
1340
18.61111111
0
0
0
0
17.40540541
733.3333333
100
0
97.43589744
4900
6900
98.57142857
0
0
0
849.6230159
96.8575667
0
0
0
0
0
97.22222222
3900
470
16.84210526
16.66666667
142.4242424
0
6748.484848
98.53982301
19.28571429
3766.666667
1000
0
0
0
0
18
1533.333333
19.08163265
0
98.50993902
0
6305
99.60967994
14112
97.36138475
7900
98.33333333
16
1070
0
0
3664.600551
18.96403352
98.66666667
17.14285714
16.66666667
415.2542373
99.67105263
300
16.40256959
15.15873016
1493.442623
18.74485597
883.6065574
17.888
2326.136364
96.91176471
16.19047619
166.6666667
125
0
98.46153846
98.88888889
17.14285714
5400
98.18181818
0
0
0
1066.666667
0
97.25375934
19
2733.333333
22305.49188
17.99196891
19.1109318
1911.764706
187.7192982
0
19.1109318
19.29411765
63205.55556
99.84203598
63205.55556
99.84203598
63205.55556
98.52941176
2700
98.21428571
5100
18.46153846
0
0
98.93617021
100
0
266.6666667
96.96969697
0
0
4353.125
97.89473684
0
3724
97.38493724
0
0
16.36363636
4800
97.95918367
8266.412214
97.55968674
0
17.92207792
400
0
1139.072165
19.03153341
0
3540
17.39010989
15.78947368
6460
99.3902439
400
16
1100
891.257732
18.38588901
0
100
18.75
400
16
7900
98.75
1300
4200
97.6744186
6400
98.46153846
700
0
98.26490815
0
17.87878788
842.8571429
1013.636364
18.20408163
191.6666667
0
934.0909091
98.07692308
402.8571429
433.3333333
98.27586207
98.71794872
9775.776398
1012.5
14.48689139
18.46014493
14.35294118
254.1666667
0
267.5
97.95918367
18.57142857
15
0
97.05882353
15712.5
97.8972332
5191.353383
97.42451155
0
1164.197531
18.18359375
18.27956989
1158.888889
18.41129744
1158.888889
18.41129744
1158.888889
18.41129744
1158.888889
18.41129744
1158.888889
0
0
18.27956989
1062.5
18.27956989
99.09842562
306.993007
16.21993127
0
17.14285714
511.1111111
650
17.33333333
18.70732907
97.27891156
0
18.76508901
0
18.88956188
98.54077253
17.38421053
2888.461538
16.0960961
0
16
18900
99.47368421
337.5
0
98.24561404
5150
98.0952381
926.6666667
18.05194805
926.6666667
18.05194805
954.2857143
17.15447154
602.8571429
17.15447154
602.8571429
0
16.73469388
17.5
0
0
0
16.25
0
0
2078.796343
96.87066584
3557.142857
0
18.30729167
19.17355372
16
300
0
4372.049689
97.5
0
18.57142857
700
14.66666667
150
5876.744186
339.4811933
99.74619289
300
15
835
17.86096257
835
0
133.75
15.50802139
252.3809524
0
0
150
0
25500
98.2421875
17.5
6600
18.65671642
1411.111111
18.67647059
0
0
0
99.64835165
12700
18.81510417
16.31578947
17.14285714
98.4375
3250
98.50746269
17.27891156
98.51941921
18.46153846
26700
0
19.25373134
18.20895522
15.625
15.23809524
3320
97.07602339
17.79411765
8400
18.94117647
5300
98.14814815
97.73333333
17.64705882
750
223.5294118
0
0
99.13305415
566.6666667
0
0
7960.606061
19.27896665
0
139.7435897
1047.058824
18.25641026
0
0
220
241.8803419
19
7100
0
1361.406501
19.20575536
14.46153846
98.95229186
18
900
18
900
18
900
18
900
920
0
743.75
17.47160494
900
18.5
0
0
2409.52381
15.9487666
237.5
99.30555556
1900
900
0
15.45
0
147.6190476
900
97.30769231
900
97.5
6900
14.23809524
371.4285714
96.96969697
4900
16.71
1766.666667
18.92857143
900
19.2
900
0
17.33252859
126.4567799
0
18.03350636
126.4567799
0
14.84848485
18.40909091
300
102.5
640.7407407
17.3
0
18.51851852
10733.33333
17.50769231
0
480.5724589
0
0
18.13131313
15.19607843
99.22375266
18.4
29400
99.83050847
400
8268.75
18.156932
156.4102564
0
0
15.50703125
96.96969697
16.33867277
0
0
455.5555556
0
0
0
18.51466955
130.7692308
0
17.92164948
0
16.66666667
0
18.69976359
990.9090909
0
392.3076923
15.05
18.18181818
97.43457114
1560
0
0
18.18181818
0
0
18.03921569
8900
17.95555556
0
309.731114
16.2325
900
18
18.14961671
17.74509804
14.7826087
1000
0
900
18
900
18
0
0
150
200
0
0
99.10076043
768.9655172
17.6984127
4075.212718
97.60491245
10965.84781
99.61437737
142.4242424
0
142.4242424
0
142.4242424
0
134.3434343
0
134.3434343
0
142.4242424
0
142.4242424
0
242.6573427
14.16326531
225
0
242.6573427
14.16326531
134.3434343
0
225
0
142.4242424
0
142.4242424
0
98.70753525
0
19.11111111
440
0
0
0
275
98.88888889
98.93004723
0
98.88888889
17.03703704
150
98.9010989
3733.333333
17.39130435
16
15.8974359
16.95238095
162.1259653
18.50126582
738.0165289
0
17.48333333
0
99.33687003
150
500
0
98.88888889
16
400
0
0
16.60688666
15.34883721
0
17.33333333
650
17.33333333
650
16.66666667
300
19
875
17.94871795
97.20730397
275
17.33333333
98.38709677
1900
0
0
0
14.70899471
19.24724957
17.47987234
350.4056616
0
0
552.3076923
103.7735849
99.76851852
9136.8
98.91737398
6530
14.39873852
15.96083231
395.1515152
126.1933905
18.317963
16.66091954
912.0481928
98.85057471
15.27305595
17.98478531
0
0
19.24724957
2556.923077
19.24724957
98.85057471
97.98657718
0
3250
128.358209
98.20261438
900
18
0
14.66666667
275
14.66666667
275
14.66666667
100
1650
171.4285714
98.94736842
275
14.66666667
175
0
175
0
0
16.26578283
16.7032967
650
14.66666667
1127.692308
7671.714202
99.2873069
17.05882353
112.5
225.3781513
3860.12446
18.72906574
97.12643678
27100
17.37616099
98.87905605
1850
357.4898785
16.1398006
0
0
0
16.40449438
457.5657895
628.6135693
16.40615385
278.8527397
14.63761098
1134.587598
18.07119482
0
135.4347826
0
135.4347826
721.1757464
247.8448276
99.87608426
15685.19553
99.36649502
16400
18.54545455
1225
0
281.3169388
0
97.86585366
742.4489796
0
17.27952167
635.1648352
17.27952167
742.4489796
17.62596899
635.1648352
17.27952167
635.1648352
17.27952167
635.1648352
17.27952167
635.1648352
0
99.16666667
62462.5
17.72813328
18.66666667
1400
433.3333333
16.25
2184.615385
16.93602694
17.77777778
567.0993746
0
5089.473684
98.94892126
0
0
99.96343693
17654.28571
111.818038
18.0854516
14.16666667
113296.3759
0
0
0
219.5691203
0
0
540.9399006
16.87958263
0
0
0
0
542.1657096
16.88553909
0
580.7893677
16.87884524
0
0
1040.837495
18.20649246
567.0993746
0
5089.473684
98.94892126
0
0
0
8895.673077
98.88835444
419.2307692
16.14814815
1124.519231
18.36670593
0
97.22881892
1680.078125
0
0
8895.43379
98.88832487
420.5479452
16.15789474
1114.611872
18.35338346
0
8392.857143
98.82253995
392.8571429
15.94202899
1050
18.26086957
18.80130293
44030.43478
99.00582176
14.42615673
14.68713105
191.1111111
18022.1374
99.0547599
335.9375
18.19444444
335.9375
18.19444444
98.11398109
6088.495575
0
18
0
0
319.3548387
130.7692308
14.90909091
10186.30952
99.02783404
0
1450
18.70967742
0
0
29878.26087
99.02683104
98.66868448
360
31421.73913
98.98432602
15.57343046
0
32122.22222
98.98432602
18.83833178
0
8020
98.79086431
98.07692308
567.0993746
0
5089.473684
98.94892126
98.6013986
18
16.77419355
0
0
18.00176116
0
18.40517241
7776.54321
98.88857224
98.27586207
98.16743325
0
390.9090909
15.92592593
1045.454545
18.25396825
15.78298649
0
26453.19149
98.85022385
401.7699115
16.01410935
1070.79646
18.29176115
335.9375
18.19444444
335.9375
18.19444444
18
567.0993746
0
5089.473684
98.94892126
567.0993746
0
5089.473684
98.94892126
18
18
14.01858819
5229.72973
98.94892126
14.01858819
5229.72973
98.94892126
0
0
322.2222222
0
0
200
0
0
98.42883549
0
0
97.06515166
736.587963
97.21089301
0
17.91666667
3085
0
517.868198
97.81076772
2013.548387
0
379.3827411
14.22577855
0
119.7514716
463.8664819
18.26706696
518.0555556
16.08234068
2011.85948
98.64194203
16.84210526
14806.66667
0
0
1591.286989
99.86705586
2642.826667
0
19.20777074
2468.57971
97.92362553
4716.086957
97.92362553
107263.5438
14.87179487
0
97.43589744
3900
0
2579.487179
18.03508772
0
15.71014493
0
156.6666667
14.15584416
18.33333333
0
113.4646962
0
885.2216749
16.65714286
180.8641975
0
138.2133995
96.66666667
16.62004662
0
0
6857.692308
19.25704809
0
0
0
17.33333333
14.64285714
18.33333333
77900
98.46153846
116.6666667
19.23076923
2500
19.23076923
2500
0
0
18.96774194
1700
0
16.31336406
300
0
836.8686869
16.4097035
0
0
285.3624696
14.81008101
111.143695
14.07407407
14.375
0
0
301.025641
14.21874677
17.14705882
18.62542955
10100
0
99.79101358
242032.1429
15.78742422
16.56862745
665.7142857
17.3880597
0
2111.297331
98.50138483
776.6233766
0
97.22222222
18.30985915
97.73419469
2198.387097
19.12982456
97.68491365
2185.714286
19.125
98.46153846
0
98.79032258
0
0
1000
0
14681.95251
0
97.87234043
0
0
10576.96203
19.12641136
19.04417868
18.0952381
173.125
16.33867277
446.25
266.1327231
14.5375
18.29138063
6671.428571
15.12658228
0
0
16.69724771
613.9393939
17.19864177
613.9393939
17.19864177
505.5555556
16.69724771
613.9393939
17.19864177
613.9393939
0
0
188.3597884
0
188.3597884
0
0
19.14975845
0
321.875
0
0
1679.166667
18.31381733
0
306.4516129
15.07936508
2285.765306
18.96849137
0
0
3090.416517
17.85300232
0
123.6024845
0
0
0
0
283.3333333
14.7826087
585.7142857
17.08333333
1416.666667
98.9010989
0
0
17060
98.83449883
17.5
14.66666667
275
14.66666667
275
14.66666667
275
0
17.5
0
17.5
114.2857143
99.60058581
5600
487.6315789
98.27586207
0
0
16.49473306
0
17.61175575
0
598.4126984
15.45454545
0
97.35449735
3680
98.82352941
541.9753086
19.28571429
5675
98.7012987
96.66666667
2900
6433.333333
99.48979592
200
0
200
0
200
0
200
0
200
0
200
0
200
0
300
15
300
15
300
15
200
0
300
15
200
0
200
0
98.73378528
0
0
99.96807087
5668.75
0
14.92753623
393.75
0
4456.763285
97.06122449
0
1025
18.22222222
98.75
7781.818182
98.73125721
291700.6431
99.96573003
7900
0
99.16666667
7900
98.75
8900
133.3333333
238.4976526
99.87938012
13845.10309
0
99.8139881
29700
99.86577181
150
25500
99.609375
200
522.2222222
3403.571429
18.53211009
0
0
19.2114486
300
553.1578947
328.6865431
0
19.28571429
0
787.0114087
98.65787951
764.2045455
97.58930528
4048.181818
0
98.9539749
74780
99.86645299
8267.272727
19.28292047
10326.66667
97.44245524
945.9090909
18.08778792
2450
18.38827839
17.27272727
250
14.66666667
10120
97.84735812
98.93116717
6600
17.6119403
18.93650794
0
2937.037037
19.09756098
0
100.4371585
0
100.4371585
0
18.2421875
0
650
18.97253507
14.57236842
15.73333333
19.32461407
1700
97.77777778
0
11900
18
4900
17.67051282
15.81287837
0
0
0
0
0
0
0
18.66666667
250
14.28571429
3983.333333
97.55102041
3983.333333
97.71373501
471.1976628
98.24929256
10740.0719
0
98.52195946
7900
99.64285714
0
8700
98.86363636
8700
99.43181818
8700
0
150
543.902439
766.6736022
17.66610259
98.87640449
6533.333333
99.74874372
500
100
18.33333333
500
16.66666667
18087.05036
96.70094937
157.1428571
0
1116.666667
365.2631579
0
98.46153846
6003.305556
0
16.40449438
462.4609375
17.66650462
728.4688013
261.3474387
14.42465446
0
0
0
19.18563123
14.01774076
234.5342523
0
0
0
19.3220339
0
15.44486566
339.0649867
99.38356444
14015.78947
0
18.63298691
1363.043785
99.71520561
700
170
150
99.25925926
49564.2487
0
15.0041832
0
179.221876
0
0
0
5200
98.82075472
8380
98.11320755
458.4045584
97.95918367
480
0
0
15
0
331.6666667
16.91119691
98.88888889
100
0
98.30508475
98.30508475
18.46153846
18.46153846
98.38799678
1790
18.94179894
15.2120383
18.57142857
100
0
0
98.63013699
0
0
0
1214.393939
96.72255698
436.3709033
16.29806259
18.56274185
103.0769231
99.24242424
4900
0
0
0
14.90196078
98.87640449
8800
98.87640449
8800
97.5
19.09090909
7400
877.7777778
19.20909091
0
16.25
16.55172414
18.8372093
16
150
0
0
18.66666667
0
0
703.5714286
96.66666667
0
0
0
0
200
0
0
16.66666667
300
17.28423726
0
133.3333333
17.70723104
105.0213675
98.74934862
400
16
100
15850
99.68652038
100
250
6757.142857
98.54166667
328.5714286
15.33333333
0
17.5
70900
99.85915493
17166.66667
17.82818533
18.93333333
17166.66667
99.42084942
1775
18.93333333
17166.66667
18.19015444
1005.066667
18.19015444
1005.066667
98.27586207
18.88888889
0
19.2248062
292.7272727
14.90740741
365.8181818
15.75409836
0
18
300
0
133.3333333
15.04761905
1342.307692
18.61333333
99.01156725
0
0
1072.368421
18.29405163
98.78116833
167.8571429
0
17.32142857
646.6666667
0
0
0
1006.451613
15.6462585
0
148.8888889
0
17.33333333
0
786.5490473
17.74406164
500
0
19.23728814
0
17.77777778
0
17.85310734
98.92473118
97.98657718
3415.891473
97.47179657
98.36021505
112.244898
0
0
1340
18.61111111
98.88888889
98.8851728
0
17.77777778
800
14.42857143
99.79701008
16
3650
98.28738513
1471.022727
18.72694394
686.25
17.45627981
0
220
0
1400
0
17.14285714
0
0
96.96969697
15.22799732
15.38888889
15.86919105
19.13043478
19.16666667
18.5808819
170.9677419
0
98.38709677
6200
96.82539683
0
990
112.8440367
0
395.412844
99.26205182
6600
15
813.4328358
19.1503268
0
99.78632479
5100
98.07692308
6968.75
14.33222847
17.73284314
694.5945946
98.97959184
700
223.75
0
99.7260274
2566.666667
19.25
14158.33333
0
0
780.66605
17.36928105
0
19.26359108
2615.882353
19.26359108
2583.333333
19.25465839
2583.333333
19.25465839
2583.333333
19.25465839
2615.882353
19.26359108
2583.333333
0
19.26359108
2615.882353
19.26359108
19.23076923
7667.020592
98.6205411
16.44444444
462.5
126.6666667
0
0
99.78723404
58300
96.83219178
121.6216216
18.7804878
540
16.875
540
0
17.2972973
640
17.2972973
98.27586207
98.93617021
185.7142857
14.75
900
3478.077803
99.7646487
170
16583.33333
99.97779998
9000
98.9010989
81800
17.77777778
2371.167211
99.76653823
547.6190476
266.7279412
98.39598997
6134.375
19.03759398
716.6666667
154.4642857
96.84466019
1961.538462
18.55721393
0
0
0
0
15.57692308
0
15.57692308
0
19400
0
0
0
106.637688
0
99.10714286
8800
98.87640449
100
0
200
1766.666667
18.92857143
19
0
250
0
18.77777778
104.5454545
0
104.5454545
0
104.5454545
0
104.5454545
0
175.7575758
0
0
0
175.7575758
18.84057971
884.8484848
19.23076923
100
0
100
0
5866.666667
18.99441341
0
0
0
4880
97.99196787
33080
99.69861362
1000
18.54545455
0
0
0
0
1175
16.25
0
18.21065621
0
0
19.14529915
130234.6154
99.07929294
8505.591398
97.50162435
1341.860465
18.61290323
0
18.29059829
1070
643.5897436
17.31034483
0
1711.155914
18.89573284
1008.870968
99.33333333
1252.727273
18.52150538
11122.5625
97.92085512
495.1785714
16.63966397
2257.142857
0
97.91013584
287.9472554
14.81765692
0
200
0
15.43543544
587.5
0
0
100
0
5400
98.18181818
0
100
0
5400
98.18181818
18
4600
97.87234043
98.25581395
3566.666667
97.27272727
0
100
0
5400
98.18181818
0
0
1962.5
0
0
0
0
0
2847.368421
19.32142857
0
0
16
16
0
0
0
0
0
189.5927602
0
3890.066694
19.32795169
14.60020768
201.1538462
0
0
99.94579946
148366.2577
0
97.63344051
633.8916179
18.61148198
807.3777778
240.9090909
14.13333333
1969.26018
99.68044324
1506.27451
18.75488281
1506.27451
453.3854167
98.875
855.5555556
98.66190901
7650
96.77419355
0
97.69911504
198.0769231
0
174.0384615
0
1792.664165
0
0
700
0
19.23076923
99.28088166
404.1666667
161.8181818
0
18.25
14.50549451
0
17.37443258
0
799.0136364
19.29215352
590.0468384
0
0
15.93472423
245.8333333
14.69879518
0
19.08485229
0
535.6304985
0
164.1025641
0
99.65277778
12140
18.30065359
18.07692308
23300
18.56410256
0
18.79807692
17180
17.88888889
426.3157895
16.2
0
0
17
52859.03107
99.76921364
13129.09091
0
18.52724982
16.72727273
8165.109101
98.79009462
511.1111111
16.72727273
12492.59259
0
0
18.41698842
1158.448047
0
0
0
18.4191599
1165.150094
0
15.29170046
0
762.0756173
99.93287089
6500
19.19191919
250
0
338.2205029
15.43608757
97.57575758
135326.2238
0
0
18.7257485
0
3799.713631
99.9287697
860
17.91666667
1160
18.41269841
1160
18.41269841
1100
18.33333333
1160
18.41269841
700
125
15.55555556
16.25
0
0
100
0
17.5308642
199096.6038
99.69879005
16.66666667
350
433.3333333
15
4300
14.09090909
18.46153846
8700
97.72727273
3502.260274
0
0
0
0
18.23665905
1034.210599
0
786.8544287
0
170.7723516
0
0
0
112.9537622
0
0
155.8379132
0
14.6993832
263.7058436
0
99.71291866
34196.42857
18.93088965
2354.545455
18.98148148
1121.818182
0
250.3618134
0
16.12200436
895.3079484
17.84462201
6764.219467
17.55069455
0
472.2352941
15.83333333
14.94736842
17.59036145
900
18.5
2000.136054
18.8995422
0
147.6190476
0
147.6190476
98.18181818
300
98.70591017
0
233.8461538
14.00921659
1935.384615
18.71031746
146.1538462
0
11717.01978
98.25024215
1328.571429
18.6
796.6600529
99.55744053
7100
16.72619048
341.2121212
0
0
148.8888889
0
99.8723131
100
308.3333333
230.6122449
0
926.6666667
99.85883682
97.89473684
757.1428571
933.3333333
0
19.25925926
6009.090909
98.36309524
15
2133.636364
17.31379731
0
2133.636364
19.1045991
200
0
2133.636364
0
179.2045455
0
179.2045455
99.84297338
23900
0
361.5384615
98.52380952
119.3548387
0
150
0
3426.666667
17.44801512
0
0
400
16
100
0
300
15
0
0
14.48115942
0
0
0
824.2857143
15.96599691
0
0
100
0
97.14285714
3400
809.4581281
14.0718232
0
135.875
600
17.14285714
100
0
0
0
0
0
0
0
0
0
300
0
100
15.55555556
0
0
306.25
17.53846154
216.6666667
0
97.19400097
2778.571429
18.01356286
17.77777778
0
15.55555556
0
15
0
0
15.55555556
725
14.85714286
96.96969697
150
0
0
100
0
300
19.09090909
18.8372093
1100
0
98.41269841
0
180.4761905
18.37011885
96.875
30581.39535
0
0
0
0
0
96.875
300
18.85496183
753.3333333
18.28125
96.85314685
0
0
0
192.2077922
0
17.38851647
0
18.5
100
0
0
500
0
300
0
14
233.3333333
0
15.55555556
0
0
0
18.09090909
17.5
100
700
17.5
0
255.5555556
0
200
0
940
19.03846154
380
15.83333333
700
0
15.45454545
340
15.45454545
360
16
540
97.5
525
0
1850
16.53846154
0
19.0034734
18.4
168.3333333
16.63561077
319.010989
0
14.04464286
150
16
96.96969697
97.05882353
0
0
0
16
98.36065574
250
43213.04348
99.67017524
0
25900
18.76923077
0
163.2142857
0
0
98.90988372
5766.666667
98.29545455
99.6126176
460
16.42857143
16
400
16
400
16
400
16
2983.333333
0
0
16.75675676
516.6666667
16.75675676
516.6666667
980
14.16399573
17.266209
5257.142857
98.13333333
0
15
460
16.42857143
460
0
0
2212.5
19.13513514
8328.571429
97.21927966
98.47619048
6300
98.4375
17400
97.14285714
1212.5
18.47619048
1212.5
18.47619048
2450
2729.803922
97.39355084
0
286.7403315
0
97.01492537
2220
16.15301724
3371.148459
97.1191091
1322.969188
18.59448819
505.0420168
261.8518519
0
18.34722222
15.51820728
346.25
15.51820728
0
99.85074627
5400
14.70588235
24275
98.46153846
0
0
17.81818182
816.6666667
17.81818182
816.6666667
0
15.5
5900
97.35449735
740
650.4058442
19.06300703
0
7600
0
97.17514124
18.8
1566.666667
18.8
1566.666667
230
0
2870
0
107.3316283
15.25
17.89473684
18.33333333
700
2187.5
98.90710383
0
23900
18.5
172.6495726
16.73981191
1275
18.54545455
10653.27273
99.76751264
2642.307692
18.90603086
0
2642.307692
19.27068724
0
0
2642.307692
17.08274895
585.5769231
17.08274895
585.5769231
15.32516435
0
18.59090909
609.6774194
98.05068226
2060
18.37037037
0
15.2
0
15.2
97.91666667
0
0
0
97.88149351
1080.076628
16.77402597
0
11462.85342
99.13516157
2070.686456
19.07863248
0
669.7580645
17.40178104
669.7580645
185.8379169
0
18.70089052
15
5620
17.9020979
0
1274.567972
0
0
17.84514925
335.0649351
527.2636816
99.77791878
471.4285714
5439.831288
19.00718998
181.8181818
0
0
0
16.70087977
506.2222222
16.70087977
506.2222222
19.1202346
2173.333333
19.1202346
2173.333333
18.75395473
14.19642857
174.6153846
0
0
145980
19.24324324
1195.238095
19.04411765
0
450
0
0
19.30745452
0
14.94252874
250
18.44155844
1183.333333
1267.300249
18.8332935
98.37177748
6041.666667
98.37177748
96.66666667
18.65312554
303.4188034
99.57627119
14750
98.98989899
922.7272727
154.2222222
0
0
1528.92562
99.74632166
2320
19.17355372
14300
18.88888889
96.66666667
17.18309859
18
0
14.23076923
3200
98.48484848
98.90251055
10585.47419
98.83018762
780
0
867.7419355
17.93333333
15.16129032
406.6666667
906.5789474
18.37908497
16.77419355
520
16.77419355
98.18181818
99.39944631
6500
98.48484848
13760
19.05723906
98.27586207
0
19.2248062
3404.761905
17.39130435
16.66666667
19.09188283
19.19243986
18100
98.3974359
13550
98.53479853
2100
18.29545455
593.3333333
17.11538462
2833.333333
19.31818182
4700
0
97.87234043
100
0
209.5480138
18.68403576
0
0
0
97.08333333
3328.571429
97.08333333
98.82352941
2516.541353
98.06896552
12757.14286
97.77777778
1064.285714
19.26380368
16.66666667
300
0
0
15
300
0
145226.2857
98.86462384
0
19.26108374
0
18.8852459
311.7647059
0
18.84272997
97.8956229
140
17.91666667
2556.923077
19.24724957
140
0
2433.333333
19.21052632
98.21428571
98.52941176
17.12099462
17.74658502
14.3812709
353.125
15.5862069
353.125
15.5862069
1462.5
3472.04
96.95412145
97.5
0
340
97.15909091
3900
17.6
200
0
14.04761905
14.30909091
19.18388977
2350.649351
19.18388977
2350.649351
0
97.2826087
97.8709675
99.89754742
8300
1089.927184
98.12413492
10488.23529
98.88888889
97.84482759
99.91569736
1775
19.19191919
11177.77778
0
634.375
98.93617021
17.42018512
19.28571429
19.2
20400
98.7804878
99.56521739
19800
99.49748744
19.29411765
0
0
0
97.37631184
14.66666667
11566.66667
16.76
17.88359788
4488
14.76896251
0
1804.761905
18.95
0
0
18.94179894
1790
99.18367347
1433.333333
17.39130435
5775
97.87234043
99.90418871
2150
18.22680825
0
0
0
0
0
1100
98.93617021
0
128.5714286
0
15.71428571
357.9843225
15.63303829
350
98.04964539
0
18.86252657
9631.924883
98.56143567
5032.230576
98.97937258
30663.63636
0
96.700491
17.55111606
0
0
17.07069219
13400
0
97.96803951
99.07894737
3900
0
0
14.44444444
17.54576803
0
14.53125
22450
0
0
18.88888889
588.8747616
98.32502769
16.80491551
0
150
0
15
400
0
18.7195122
15011.11111
15.29411765
99.95617647
208344.4444
19.01066098
16.36314655
0
19.16666667
33650
99.20987654
15
972.7083333
17.66945038
0
0
0
197.1428571
16.63461538
494.2857143
0
14.30379747
2556.875
97.36532581
239.2857143
14.52631579
3772.281167
97.4175429
99.77876106
359900
98.95833333
148.6772487
98.29787234
0
19.24142966
1100
18.84308511
98.54483817
0
2753.603604
99.33405683
634.2222222
17.07021792
734.7107438
17.77227723
0
0
174.1814429
0
0
0
0
98.2421875
1160.740741
18.02
260.6060606
236.1344538
98.79931389
96.96969697
900
233.3333333
17
566.6666667
5145.062027
98.82740826
3102.933985
97.4980916
19.09090909
19.09090909
19.09090909
806.1337341
99.03013393
6114.039125
97.98333333
159243.9883
14.46951209
97.87234043
0
99.99094744
112900
180.420354
99.40828402
7628
98.70600414
113.3333333
0
3526.666667
15.95588235
14.18181818
385.625
1881.981982
19.28571429
15.44477074
0
18.81707317
477.3195876
16.53571429
765.9793814
17.8422619
562.0689655
16.97916667
2914.818032
98.04795599
0
0
0
6680.116959
18.06796619
114.2857143
14.94444444
1007.692308
18.2224026
0
1677.834144
18.9336831
0
19.30555556
0
19.23404255
34252.85714
0
17.82608696
0
440
0
2900
0
14.10714286
895.6709957
97.56521739
99.69729399
300
191.6666667
18.28571429
200
100
98.12392796
18.85714286
3900
0
18.35164835
0
0
0
0
0
14
19.10714286
1260
98.71929825
65525
98.48888889
638.1803616
18.14356687
0
14.384
7592.307692
99.81481481
1925
650
0
15.86206897
600
0
16.18441971
530
97.89473684
0
0
16.76190476
19.31372549
1928.571429
18.73239437
0
0
15.55555556
0
0
395.2380952
417.6282051
0
0
0
99.35483871
562.5
1804.761905
19
17.14285714
18100
98.9010989
0
17.14285714
0
98.21428571
99.97113334
3900
0
18.74213836
98.29059829
98.08510638
1900
2916.428571
14.03267819
3333.333333
97.08737864
0
0
0
3471.428571
97.2
0
0
17.75641026
0
97.11741529
15885.30762
99.0502451
4835.483871
97.97385621
15885.30762
99.0502451
4835.483871
97.97385621
7104.502814
98.99305556
6417.241379
97.93650794
9500
98.97762346
4484.90566
97.81893004
4056.036578
99.04411765
5092.307692
97.96825397
13141.37931
99.04761905
6735.9375
98.00380952
8142.424242
99.00568182
4614.285714
97.87878788
5458.312655
98.99305556
4555.172414
97.85185185
5391.205491
99.01855469
16218.40796
98.06097561
8891.735537
99.0162037
8238.235294
98.00705467
14489.66565
99.03935185
8032.53012
98.02962963
5659.100141
99.01258681
5438.461538
97.91666667
3968.141368
98.99305556
5951.724138
97.92022792
6014.649682
99.01855469
4676.119403
97.90625
99.14383562
23900
16.66666667
100
0
4900
98
300
98.7012987
17.6076555
12674.19355
96.96969697
99.20212766
0
96.89716312
18.42660681
0
98.36690256
2600
17.59489362
1097.452229
98.29343972
99.9803619
5315.384615
17.14285714
99.98670476
3900
0
0
0
0
0
99.19354839
4100
97.61904762
129.1666667
14.18181818
243.75
14.18181818
243.75
14.18181818
243.75
14.18181818
243.75
14.18181818
243.75
14.18181818
243.75
14.18181818
243.75
14.18181818
243.75
14.18181818
243.75
14.18181818
243.75
14.18181818
243.75
14.18181818
243.75
14.18181818
243.75
14.18181818
243.75
14.18181818
243.75
14.18181818
243.75
14.18181818
725
0
16.86889639
97.02388743
124.2257651
0
0
0
0
0
18.99724104
98.99022801
9803.225806
0
386.4348255
15.84400621
1186.774321
18.4457259
0
99.4
1983.333333
98.90786517
18.72643375
6471.428571
98.55072464
1025
18
1550.793651
0
0
133.0532213
18.54545455
18.61929136
100.9225048
16.484375
98.33333333
98.81656805
11520
0
17.5
5300
98.14814815
17.90940767
460
2900
97.07259953
10700
0
99.21568627
7154.142499
99.10726826
5209.734513
98.09583333
654.0232615
99
4587.5
97.86666667
556.1035953
98.97762346
4484.90566
97.81893004
98.96774194
19.25465839
900
0
700
4175
98.24561404
0
18.95652174
97.97979798
1775
15.29411765
34700
98.27586207
16.45866839
0
18.68
99.95179199
1775
0
0
99.85286481
1775
16.22909468
0
166.6666667
19.22938144
99.002849
1775
99.43910256
900
200
280
98.24561404
15.74253782
96.66666667
10780
98.65196078
8845.454545
98.88211382
99.09297052
17.84156977
18.78787879
1900
14.71054952
96.66666667
16220
98.87663399
10634.54545
99.06842818
16.25
97.89473684
233.3333333
200
16.66666667
500
4460
98.24561404
96.82539683
1775
97.84946237
1775
2466.666667
15.71428571
98.45559846
98.03439803
1169
97.91666667
99.97630339
44900
99.55555556
891.6666667
99.97647405
44900
18.53333333
12263.63636
98.75306373
9570.761671
98.96595528
99.98822098
5900
6700
98.20772059
6628.205128
98.51371951
99.1872141
99.55758769
99.55562171
99.98111965
5150
8776.190476
98.52467811
0
8845.454545
98.88211382
0
97.77482839
8060
98.34558824
7188.888889
98.62804878
17.94285714
98.93162393
63900
887.5
21614.28571
97.36842105
17.14285714
97.61904762
98.73417722
18.75
18.18181818
13400
17.5
97.22222222
63900
881.25
99.36305732
15
136700
98.24561404
97.24137931
7900
600
485.7142857
18.29268293
885.7142857
19.17391304
98.24561404
99.0990991
235.2380952
98.86363636
99.38886239
0
900
325
1279.032258
98.24561404
99.95917256
11900
833.3333333
18.57142857
99.76851852
1460
6474.495272
19.06398196
1125
17.55102041
1050
0
96.94736842
17.56097561
98.68131868
5900
0
100
18
98.24561404
99.97670058
47452.23881
97.89704959
533.3333333
98.93842887
7141.37931
97.61904762
609.5476662
98.97762346
4484.90566
97.81893004
596.5086227
98.97762346
4484.90566
97.81893004
686.8809846
99
4587.5
97.86666667
6230.668853
99.02161215
3959.701493
97.91207108
19.09090909
1265.651713
98.984375
4515.384615
97.83333333
19.09090909
682.8918274
99
4587.5
97.86666667
630.9770895
98.99305556
4555.172414
97.85185185
637.439791
99.0162037
4664.705882
97.90123457
19.09090909
19.09090909
1276.962776
99.03571429
4761.111111
97.94285714
948.3045619
99.01855469
4676.119403
97.90625
15.55555556
23450
98.93842887
99.98479086
140900
18.77777778
0
17.77777778
16.52631579
153.6405055
98.5044416
200
0
17235.89842
99.06881313
4933.898305
98.01346801
19.14772727
14.66666667
11900
99.0375
4770.12987
97.94666667
2374.758324
98.97762346
4484.90566
97.81893004
3667.728124
99.07142857
7808.653846
98.04660588
8302.051282
99.01855469
5074.129353
97.92307692
4484.90566
97.81893004
18251.80723
99.0502451
4835.483871
97.97385621
9161.595547
98.96875
4445.454545
97.8
0
4886.052999
97.99440559
9161.595547
98.96875
4445.454545
97.8
9161.595547
98.96875
4445.454545
97.8
21893.12715
99.07875
4988.195387
98.03466667
3556.986435
98.82741261
3715.309842
97.49840764
8530.945214
99.04017857
4783.72093
97.95238095
3466.04392
99.03935185
5104.819277
97.96296296
21893.12715
99.07875
4988.195387
98.03466667
18
99.66777409
5733.333333
2330
99.70934073
4833.333333
98.4
15
99.72222222
35900
0
97.91666667
0
98.64864865
35500
98.87640449
98.37837838
99.95008873
13400
0
406.8518519
0
0
18.01388889
15.99409611
19.25925926
250
99.9905303
100
2100
19.09090909
400
16
9745.454545
0
16.81012658
144.2857143
0
97.85539216
99.92592593
14900
0
18.82352941
0
16.62461452
97.91666667
17.77457111
14.29394813
930.3030303
18.86764706
1880.709349
18.99026074
731.1688312
17.59375
15
98.41269841
99.49494949
47900
17.5
0
15.61170213
0
99.99450074
211400
0
0
99.60715028
300
200
0
1400
99.66666667
1900
19
1900
19
1900
19
1900
19
1900
19
1900
19
1900
19
5900
98.33333333
5900
533.3333333
147.3684211
14.04255319
0
17.8021978
96.77419355
0
0
16.66666667
23450
98.93842887
98.86363636
0
0
0
17.5
650
0
471.4285714
99.78813559
400
0
14.45928584
0
15.88461538
0
0
99.94501718
19300
0
1277.990431
18.54861111
22700
698.245614
98.96978022
0
3900
97.40740741
11900
0
0
0
19
1733.333333
22700
18.35526316
99.78813559
400
1327.272727
98.93842887
5900
99.95199448
189900
19.13684211
23450
18.40764331
17.14285714
3900
0
3190.501792
19.32465552
1900
99.78813559
400
0
281900
98.93617021
337.8109453
98.4375
700
0
0
3900
0
19.31540952
97.22484695
6557.142857
98.92703863
99.9693456
181900
96.92307692
17.50678032
2271.428571
96.98795181
19.22245128
0
5605.128205
97.49598716
0
18.84615385
170900
98.24561404
16.65545795
17.52300071
18.70739589
5100
96.73076923
0
0
0
0
99.56896552
275900
98.09782609
139.7308782
98.7855612
17.14285714
3900
96.96558227
190.4435019
0
98.8179669
1432.432432
17.81746032
2809.090909
19.3125
1422.297297
176.9640479
19.20673077
2809.090909
19.3125
32471.42857
98.24561404
99.78813559
3650
11087.27757
15.8285949
0
650
98.05250305
8150
0
97.0212766
17.14285714
17.87234043
18.96632677
0
0
15.29411765
99.35064935
99.02097902
5100
0
0
96.96969697
28546.15385
0
14.44444444
0
18.33333333
0
0
0
0
0
0
449.131016
0
18.42657343
0
2940
0
0
97.45762712
129.1666667
629.9173554
16.41304348
544.4444444
16.89655172
1766.666667
18.57142857
0
0
346.25
0
215.3333333
0
0
327.952381
0
0
19.18570372
0
15.71428571
400
16
5000
98.03921569
19854.02299
97.66129032
14.28571429
2110
97.36048265
9500
96.875
0
14.36090226
254.6666667
528.5714286
0
0
98.93617021
0
18.61323592
97.59615385
0
60400
99.83471074
47517.78846
16.89191782
98.64864865
2634.375
540
17.05357143
353.8181818
720.5128205
97.15169271
0
98.06744913
1933.898305
18.64571429
98.16616361
0
0
17.5
0
0
18
2600
97.03703704
0
0
18.93617021
0
0
15.44444444
0
27900
19.28571429
18.84615385
14.8096329
0
96.92682927
0
5154.079254
97.96756384
99.9763202
14620
0
0
17.42690058
677.2727273
97.61904762
18.33333333
99.96356766
1900
14
700
0
6928.571429
19.23215899
1651.605184
18.85819018
0
0
0
0
19.29411765
60665.71429
99.83543352
60665.71429
506.0606061
16
31519.04762
98.79518072
2316.666667
0
15.31914894
3900
18.09090909
351.1062634
0
97.67691358
8071.900826
98.56644417
15
1775
99.25
0
18.45833333
22170.27027
99.5049555
25475.75758
99.37796209
19.01614907
0
17.32664996
16.875
100
0
14
1362.222222
19.31610942
4566.666667
123.8095238
97.87234043
500
350
0
97.02380952
2476.785714
99.22383922
275
14.66666667
109.0185824
99.52721106
17.77777778
3358.823529
98.7244898
180
0
180
0
180
0
180
0
180
0
180
0
180
0
180
0
180
0
180
0
180
0
180
0
180
0
180
0
180
0
180
0
180
0
180
0
180
0
180
0
180
0
180
0
180
0
180
0
180
0
121.8566205
99.3676324
4870.568182
98.74259848
180
0
180
0
180
0
180
0
180
0
180
0
180
0
180
0
180
0
180
0
180
0
180
0
180
0
180
0
180
0
180
0
180
0
180
0
180
0
180
0
180
0
180
0
180
0
0
6130.769231
19.25925926
400
2380
99.19354839
16
97.61904762
98.80952381
1400
98.43960839
2257.142857
96.96969697
96.77224652
0
99.46902655
14.11764706
96.77419355
16.64335664
100
18.51851852
0
100
18.828125
0
19.25925926
926.6666667
0
16.52777778
584.4444444
100
97.22222222
19.27777778
0
18.19444444
208.5714286
0
18.57142857
16.53846154
0
203.5714286
0
99.7972973
566.6666667
0
0
17
2600
0
98.125
98.33333333
300
98.125
15
100
18.73611111
96.66666667
98.33333333
18.66666667
0
100
18.83333333
0
96.875
500
98.14814815
16.11111111
18.5
97.42326639
14.92163802
433.3333333
19.32096475
17.75936991
0
0
0
0
0
0
0
566.6666667
0
0
0
16
18.88888889
0
0
18.88888889
0
0
0
0
0
98.94957983
0
0
19.27436302
19.00245892
16.19047619
98.85452463
0
0
0
200
98.72340426
99.20212766
2720
0
97.83687943
18.56016367
1846.288156
0
97.10104843
2324.514247
14.61538462
15
96.93515704
0
98.25
98.93617021
98.93617021
99.23861733
98.65263158
2837.5
19.20212766
0
19.18085106
14.94655005
18.96884498
97.90871067
98.93617021
98.98989899
18.98989899
1780
97.87234043
17.5
98.56382979
132.5786816
98.67678861
98.93617021
0
19.14361702
98.93617021
98.63864137
99.30603891
16.30319149
18.92319266
156.4102564
18.01388889
0
97.61012301
98.36065574
16
18.88297872
18.3241642
455.5555556
19.20651596
16.64
18.08510638
19.09080777
130.7692308
17.47832939
98.81144534
98.66356383
98.93617021
15.10604686
0
17.93316374
98.93617021
0
97.36702128
98.93617021
0
0
18.89125296
98.93617021
0
19.30367505
8900
98.91252955
3002025
0
97.99601064
98.93617021
98.93617021
16.04395604
100
19.24012158
98.93617021
98.93617021
98.96907216
0
19.25773196
1988.888889
0
18.26071257
2052.941176
19.07103825
0
17.29863081
15
148.8888889
0
0
15
319.3333333
18.75
96.66666667
97.17647059
2741.666667
19.23753666
238.4615385
14.09090909
18.9436286
1656.720349
18.93963257
118.1088873
18.62068966
3740.070922
16.10308123
96.66666667
14.74335887
0
2525.26096
96.99880716
96.66666667
96.66666667
96.66666667
96.66666667
96.66666667
96.66666667
97.95918367
97.95918367
96.66666667
96.66666667
96.66666667
96.66666667
96.66666667
96.66666667
96.66666667
96.66666667
96.66666667
96.66666667
96.66666667
96.66666667
96.66666667
96.66666667
96.66666667
96.66666667
14.23076923
0
5684.291899
18.79476543
111.1986374
1873.28629
99.31340996
2139.583333
0
19.17920657
1028.571429
17.14285714
17.14285714
1510.59413
98.4
18.13427893
1142.55814
18.39041737
16.37209302
16.37655303
16.18675854
426.8817204
18.21428571
0
16
18.77965274
15.64270153
0
575
0
100
0
3711.428571
97.37631184
100
0
2675
19.0990991
691.7
17.47379058
16
40269.02655
99.9465812
11950
0
0
299.1683992
19.30555556
98.94736842
16.4852071
490.4761905
16.7032967
511.1111111
19.12280702
2025
99.97591284
95900
17.796875
1100
98.17708333
99.99092312
230900
16.77922078
16.12614532
18.91309131
99.36507937
15800
7430.791789
98.14814815
0
0
0
18.83017614
142.4242424
0
6275
98.03921569
809.2222222
17.80031773
19.14796071
14.84711162
19.3171271
365.7709533
0
99.39903846
3200
96.96969697
3380
97.12643678
14300
14.71604938
581.8181818
98
633.3333333
17.27272727
99.97626364
4333.333333
99.49845679
20900
99.97093023
3900
99.98815716
426900
0
19.25925926
232
96.89085952
756.1320755
96.6857385
186.7647059
18.92589994
274.9991374
18.2745614
189900
98.94736842
98.94921191
17.38251818
0
18.64539474
0
357.03125
15.60042735
97.77777778
4400
99.50564657
3509.375
99.48051948
4566.666667
97.85714286
4900
0
0
98
2900
96.66666667
1500
17.5
0
250
14.28571429
3983.333333
0
0
98.71052632
98.46770778
634.6641538
0
213.9705882
0
17.621209
17.01588239
14.71879287
17.87012987
19.25925926
2500
0
0
500
0
108.4745763
18.7456446
0
0
18.7037037
1442.857143
2036.864847
0
0
119.3455082
20400
97.56097561
0
99.88304094
800
617.9487179
98.41269841
300
119.375
17.72079772
420
16.78853047
434.375
0
0
18.94110276
99.98234278
5900
17.77777778
6233.333333
98.24561404
717.1428571
17.55244755
14.43548387
259.4202899
19.03225806
19
400
98.94587619
2600
0
0
1022.839506
18.7675546
15.50750751
96.96969697
4685
98.95506792
9470
99.9754424
23700
0
98.50746269
19.05882353
10100
98.03921569
962.5
18.11764706
0
99.4
173900
98.27586207
18.66666667
8700
16.59090909
19.2
2400
99.70631424
4700
2150
18.88888889
0
99.55357143
22053.84615
98.40016367
1168.227425
16.43459916
19.23076923
1433.333333
0
0
340
15.45454545
7400
19
17.86666667
837.5
753.3333333
0
0
18.06885897
1005.066667
18.33333333
900
0
99.98796596
8650
1147.563353
96.875
100
0
300
15
175
99.14070892
11900
0
98.29787234
5900
99.88317757
56900
97.66081871
15
99.02777778
10300
16.19009826
18.66666667
15.85529177
18.7434555
16.27039627
17.73809524
15.19732167
18.89473684
99.04761905
99.35332158
13500
98.52941176
0
98.90710383
9171.428571
19.03274579
302.2205045
0
0
18
0
980
99.98296422
129900
18.61538462
99.97540002
59300
0
0
97.43589744
6806.25
15.53334517
17.91666667
18.96875
15415.15152
0
17.15625
16.48351648
0
18.71794872
6012.5
0
100
98
5650
0
99.9853733
189900
19.24210526
99.57983193
25042.85714
0
99.09090909
950
1060.714286
97.7481103
142.4242424
17.87584529
293.75
97.46031746
800
0
14.06315789
0
1600
97.05882353
237.5
14.07407407
99.89583333
2300
18.92857143
0
99.0990991
99.92647059
3900
18.75
1500
18.18181818
1075.757576
0
0
97.27272727
3900
0
0
0
99.80198733
7900
0
0
0
18.57142857
1400
0
0
0
0
0
99.41964286
9900
400
0
17.75739042
97.91666667
0
18.12003432
98.26886342
0
0
0
15.32681094
97.39583333
9500
18.17434211
97.39130435
5900
14.42678478
0
0
96.875
427.7777778
99.97961432
7950
18.96153846
4344.444444
0
99.97659406
130400
98.85057471
156.6666667
263.6363636
0
0
98.75222816
45900
98.91304348
10700
99.07407407
1533.333333
18.7755102
0
0
0
19.32409725
98
5285.714286
99.71590909
36462.5
15.55555556
350
0
0
18.92050768
0
875.8653846
19.23145137
1144.444444
0
200.281294
300
0
17.75005997
0
0
0
338.1613757
15.4354717
0
16.34615385
1011.111111
18.0952381
18.4775
217.8981938
14.30785124
0
0
0
192.0289855
0
289.7435897
0
15.45454545
390
1265.05425
0
18.26008282
1127.040635
0
16.3340502
0
823.9583333
18.98534386
0
0
99.54545455
204819.4595
19.0240068
775
18.6184127
18.41176471
1247.5
18.23747681
1034.736842
18.23747681
1034.736842
18.23747681
1034.736842
0
0
99.16666667
300
0
18435.41667
99.6403282
612.5
353.3333333
15.58823529
321.0526316
0
16.88888889
1622.767857
0
271.6450353
0
0
18.70588235
0
41233.33333
98.92473118
0
0
726.875
0
0
97.4025974
3750
18.48739496
15.55555556
5675
97.22222222
3650
99.58823529
24185.71429
16.69139415
3136.42732
99.16666667
16.1038961
99.79292972
37900
97.23684211
98.87625418
1614.285714
0
406.25
19.25925926
2728.395062
19.2928852
514.3333333
0
0
130.375
99.99625986
550300
0
99.29577465
1450
0
1127.272727
18.66666667
2600
19.25925926
0
0
0
0
0
0
99.6742671
243900
98.46311475
98.35641553
18.76161751
17.5
175
0
19.31147541
99.59819488
0
476.9230769
16.2962963
98.83040936
9066.666667
8628.571429
98.36333879
99.96791577
9100
98.36065574
99.99471231
9500
0
99.88699617
378.125
0
98.35980772
99.53684211
53900
0
0
0
0
0
18.05327869
17.14085286
17.69756111
18.26146715
17.79336811
15
14.28571429
250
505.4945055
96.72131148
0
0
18.1704918
0
19.12237125
98.35612044
17.33235134
1100
97.5308642
99.98660268
239900
225
19.05429864
99.92567938
2140
99.9162571
1900
99.97978748
119900
400
97.00925926
16.02536558
16.84276818
99.96747892
419900
97.09183673
99.98386771
599900
97.06363636
99.07550077
0
14.06052886
15.95652174
97.78726327
0
0
0
301.249505
98.42105263
17.26940268
757.1428571
16.66666667
200
16.66666667
500
16.22573688
0
0
15.67039529
18.05031447
14.4278607
328.5714286
0
3500
99.44444444
17900
15
18.22222222
96.96969697
3900
200
0
97.05882353
4400
17.9375
765.4545455
17.71361913
328.5714286
0
0
0
0
0
0
0
300
0
15
18.17504655
971.4285714
0
0
99.99109018
190714.8148
19.32919255
17.5
2487.5
18.2152231
312.5
0
18.39584808
358.3333333
99.48849105
20809.09091
196.5217391
0
19.22526042
841.1764706
15
0
15.55555556
18
12837.5
0
19.27609722
2775
0
0
0
17.14285714
0
0
0
0
0
200
17.95186892
300
100
0
330.976431
15
425
19.04761905
605
0
0
17.90966779
0
575
0
200
0
0
96.66666667
16507.14286
0
0
232.1428571
0
0
0
3050
5614.285714
98.25
99.73333333
120.4724409
0
0
0
18.85030198
15.49388961
18.5428051
0
98.35835398
14.43413107
0
185.6696429
183.3160073
18.88888889
1700
17.5837521
97.05882353
486.6666667
97.33333333
4400
18.88888889
97.5
3900
98.94223424
98.38709677
5150
0
119.7619048
0
0
98.21428571
5900
0
98.64864865
7300
0
0
104.56621
18.94230769
2376.190476
19.23076923
0
0
96.66666667
2900
0
0
98.93162393
1550
506.0606061
104.56621
18.94230769
0
0
0
0
0
0
0
693.3884298
98.046875
0
0
0
0
5525
17.33333333
16.66666667
98.75
8766.666667
11950
97.9253112
269.1227125
97.35688889
0
18.4412454
0
19.28873744
69568.75
97.84695434
99.79125841
900
304.4518547
97.41299302
99.96272436
5500
18.10246679
300
800
17.77777778
9400
97.89473684
0
0
47509.18367
97.89956491
105.4882523
16.4159967
0
0
0
0
17.91666667
18.68292683
12344.44444
98.21428571
407.5
16.0591133
0
16.78362573
566.6666667
0
0
0
0
0
97.91666667
4900
0
97.59615385
4025
0
0
0
0
0
0
0
0
0
0
0
98.35899598
1233.333333
103.7037037
98.18181818
108.3333333
0
4900
98
18.88888889
99.91336076
1775
0
15.97076347
156.7567568
97.56578947
700
17.5
700
17.5
700
17.5
700
17.5
700
17.5
700
17.5
700
17.5
700
17.5
700
17.5
700
17.5
700
17.5
700
17.5
700
17.5
700
17.5
700
17.5
1020
99.25986842
18.44199425
19.07692308
17.94152047
15.55555556
97.56944444
0
18.57142857
2983.333333
0
15.83333333
516.6666667
0
15.36513367
16.72727273
99.98251748
11900
0
0
0
0
19.28571429
520
15.54961213
18.16666667
99.67426333
16.66666667
0
200
19
119900
96.66666667
99.56490241
0
99.91188141
20627.27273
96.78362573
0
98.83889695
9066.666667
0
17.5308642
816.6666667
16.36363636
97.82674772
18.66666667
98.03827013
2166.666667
18.69281046
99.14712154
15.12518116
235.6473024
98.84615385
5500
19.28571429
0
17.5
1900
19
2642.307692
18.90603086
1728.205128
19.27068724
2642.307692
0
16.56920078
585.5769231
17.03284916
0
17.1
0
0
0
0
99.99698817
22066.66667
0
0
14.16859667
0
96.77419355
100
0
300
15
1494.414063
98.59038883
17.5
506.2222222
0
19.12280702
2173.333333
14.98421685
19.04255319
16.232911
17.9702381
18.5
18.24962742
756.9604087
19.18032787
0
99.98670343
278900
19.06810036
97.91666667
19.22240853
14.35457599
97.79411765
99.44306931
18.55263158
263.6363636
0
97.49380355
0
0
98.8
416.6666667
99.99250615
239900
17.98181818
99.97971311
5150
18.0952381
99.57446809
400
0
98.31578947
99.84962406
94900
18.98947368
2700
19.16666667
18.79609652
15.83126551
100
462.5
0
0
0
99.99114575
563900
97.16312057
99.90163093
101900
0
17.25490196
2479.813665
19.2524377
0
98.53479853
2300
0
96.79487179
145.2012384
96.96969697
0
18.88888889
500
0
0
6902.573099
98.82186164
14.79647826
18.1558993
0
98.08188266
98.40236686
344.4444444
16.55586675
0
17.46276596
99.00793651
18.91826923
16
99.3880049
1422.222222
18.18181818
31900
18.26309068
0
0
16
18.97435897
98.61111111
33900
99.83076564
39900
18.6
1125.324675
0
19.15865385
2350.649351
97.85714286
3900
14.14888458
18.52769231
317.9728318
15.03492063
0
751900
98.93617021
17.62036378
0
16.66666667
1500
0
18.16270146
0
0
0
18.58571573
0
0
99.7900314
5200
0
406.6666667
96.71052632
0
16.66666667
0
9500
97.91666667
73900
97.2972973
96.66666667
100400
98.50746269
0
18.83609629
407.1534467
96.66666667
164.3207856
98.1273977
1672.487196
96.66666667
0
97.75390625
1244.927536
96.66666667
261.7202108
98.41976768
1871.609786
96.66666667
0
16.66666667
400
0
16.66666667
14.51851852
0
168.2926829
14.59466314
14.9122807
98.85057471
2300
0
15.82027168
378.5
0
129.0076336
0
19.3286445
2879.047619
14.62915601
272.3809524
0
114.0468227
15
18.59090909
683.8633687
17.35896515
0
14.70588235
17.77777778
3204.166667
169.3568726
0
0
0
18.74829932
1508.695652
18.75675676
1508.695652
18.75675676
2750
235.0877193
18100
98.9010989
99.77158747
15
780
10027.38636
19.04261536
19.06238731
2033.076923
0
0
17.14285714
98.57142857
48504.83871
17.53111
17.33333333
18.57726543
0
0
0
0
1372.895768
0
98.96907216
582.4038462
0
0
668.90975
18.02453074
17.91950464
861.3095238
0
0
16.75961988
4300
16.9025974
15.40816327
700
14.44444444
0
98.33333333
36263.63636
98.33333333
98.33333333
17.77777778
17.77777778
17.77777778
0
16
17.77777778
17.14285714
99.60935019
9580
98.96694215
4500
18.26086957
14.8
19.33237708
600
0
18.3908046
0
0
10340
19.28480204
0
97.70409115
5834.163934
98.63113372
4775.573921
19.06770882
0
98.30508475
98.30508475
97.40346947
0
0
164.1456583
173.9130435
0
0
0
492.6773455
16.77379553
0
0
17.77777778
17.77777778
98.24561404
0
16.18644068
98.24561404
191.6666667
98.24561404
17.77777778
300
0
97.56097561
19.0500066
0
15.88336192
3921.381579
17.76196319
97.22222222
3300
0
97.07602339
800
277.7777778
15.29411765
300
15.05681818
16.96551724
400
0
0
267.3469388
0
18.9137931
0
0
0
0
18.16666667
257.1428571
0
951.3333333
97.93119848
1634.8659
18.67101434
16.45487129
464.1544118
16.45487129
0
588.6077217
16.95274887
17.0515625
705.5113937
17.51710526
1462.100031
18.46474166
0
182.8409091
0
0
98.71794872
5300
98.14814815
0
19.25283019
102.020202
0
4195
0
166.6666667
18.89583333
0
97.71428571
3353.125
1856.923077
18.97798742
14.2081448
245.3125
14.2081448
100
97.22222222
300
265.625
17.26495726
150
0
18.88888889
148.1527094
98.12865497
98.24561404
19.12280702
0
17.6
400
16
15.72222222
2664.285714
18.73385013
400
0
19.14285714
150
98.24561404
17.03703704
0
552.5
14.17624521
100
18.38596491
0
0
0
0
18.4
2800
18.10344828
300
98.17073171
347.0588235
0
19.23076923
2800
17.93103448
0
17.14285714
600
17.14285714
600
100
100
18.1991342
0
97.08015488
3389.361702
97.13414634
300
18.93939394
2100
98.86363636
373400
98.98259705
702.6315789
1533.333333
97.95918367
400
0
300
18.97058824
14.375
866.6666667
18.29885057
0
900
96.66666667
0
300
19.11764706
19.22297297
685.7142857
354.5454545
19.2
2800
18.53103448
226.6769073
18.87147335
3633.333333
19.03125
150
0
19.06975309
0
0
96.84542587
1982.5
0
0
98.07923169
5362.5
0
173.125
0
15.65789474
18.25655114
2800
99.98084291
20200
15.15151515
0
0
96.66666667
300
1550
0
19.26093514
116.0864346
102.2222222
99.80769231
51900
18
0
2800
19.13793103
604.3733333
0
19.31095406
2802.564103
19.31095406
2802.564103
335
0
17.57575758
650
17.78
0
163.6363636
17.5862069
1150
19.07563025
16.25
300
16.36363636
891.6666667
18.5210084
98.24561404
0
0
0
17.56896552
17.16312057
836
0
0
17.56838906
836
0
0
15
96.875
17.14285714
500
503.7037037
17.79141104
17.77777778
19
1900
5300
100
18.47511574
0
14.58646617
269.4444444
14.58646617
269.4444444
0
96.68674699
0
0
18.49107143
98.42105263
8185.714286
98.79310345
15.55555556
350
511.1111111
16.72727273
0
18.04878049
15
200
0
0
0
0
0
0
14.0776699
337.2505346
18.91272898
151.7241379
0
655.1724138
17.35159817
15.17241379
16.66666667
17.81420765
0
122.2222222
1932.5
19.01599016
136.25
0
725
17.57575758
5400
18.55454545
2993.333333
18.99425287
98.66962306
6028.571429
16.67132867
0
123.951049
300
18.24180328
15.52447552
346.875
18.04195804
189.2156863
16.36440678
0
0
98.21428571
300
900
16.77419355
17.38181818
16
860
18.125
97.91666667
0
19.21040263
273.0994152
14.63949843
659.0643275
17.03389831
98.07692308
16
920
18.23529412
98.27586207
98.27586207
0
0
19.015625
97.88359788
4300
97.72727273
4625
113.3333333
0
5233.333333
98.125
753.3333333
17.65625
98.58156028
0
97.36842105
3657.142857
97.74397972
0
0
0
221
1239.563863
19.06976744
0
0
18.50208277
0
114.375
198.5422741
0
133.2361516
0
0
114.375
4308.163265
97.73148148
150.728863
17.20930233
185.8333333
97.19298246
98.24561404
98.24561404
16.66666667
17.54385965
98.24561404
18.7484133
135.2941176
0
98.24561404
379.7660819
17.22086787
0
645.6140351
18.71470588
0
366.5959703
15.71363636
0
0
17.63157895
16.59526467
300
18.50681391
0
0
14.04464286
2367.348544
18.90178571
0
4566.666667
98.21428571
207.5
919.5121951
18.29877725
0
0
139.5955882
15.82630044
446.1805556
815.4481882
0
18.089701
402.173913
15.15151515
100
150
1900
100
100
98.24561404
98.24561404
16.875
100
19.18128655
100
0
0
97.0703125
119.0740741
151.0566357
0
15.4353339
4300
18.00841751
447.7599324
99.00645516
0
1625
17.87439614
290.9090909
98.27586207
18.55783544
14.96527778
303.4482759
0
2695.294118
18.22297045
0
16.8
140
17.91666667
2523.076923
0
0
18.10526316
955.5555556
0
111.1111111
99.06017391
1100
0
14.11536973
740
97.61904762
2618.75
0
138.6363636
99.98006398
4550
0
2971.428571
17.37984496
99.40828402
2900
463.3333333
437.305952
16.24783449
14.71698113
270.8333333
18.20224719
200
0
7650
14.83870968
19
96.66666667
2900
1012.5
99.08980475
160.8695652
0
98.38060283
1975
19.03614458
99.92443539
209.7826087
300
300
0
250
514.2857143
0
300
18.95652174
98.62297253
53900
18.97435897
300
0
0
18.66666667
6910
17.96828706
15.08506616
306.9230769
18.28571429
300
933.3333333
14.40860215
18.125
14.40874572
0
15.26209524
99.41413646
1700
15
900
16.60377358
614.2857143
18.96540141
0
185.7142857
155
18.31897658
400
16.35825647
0
97.42647059
614.2857143
905.5718954
19.2439105
614.2857143
0
98.10606061
5900
257.8947368
19.02941176
14.59119497
1290.909091
257.1428571
0
0
0
100
700
18.33333333
16
0
14.30806243
97.69410917
636.1111111
1275.471698
18.38383838
205.5555556
0
0
446.1302349
18.96503999
18.50594228
1252.380952
862.2405486
18.33758005
208.1664099
0
0
366.11387
18.70534189
17.78951646
566.6666667
1274.107143
18.3625731
200
0
0
675.4535097
96.91028424
19.0103751
3442.857143
1188.306452
18.51504086
244.2622951
14.19047619
0
17.77777778
0
15
0
8857.142857
98.88357257
0
0
8911.857708
98.89035088
15
0
8742.307692
98.86907351
0
14.69785575
9420.786517
98.94966661
0
18.82352941