500
25
1100
27.5
1700
28.33333333
500
25
500
25
1100
27.5
1700
28.33333333
1700
28.33333333
1700
28.33333333
1900
28.5
1700
28.33333333
1700
28.33333333
1900
28.5
0
27.35294118
0
0
0
0
0
0
0
27.35294118
0
0
0
0
0
0
1700
28.33333333
1700
28.33333333
1700
28.33333333
500
25
1100
27.5
870.5627706
99.37555754
1900
20300
99.50980392
5900
1700
28.33333333
0
3005.555556
99.64221825
1550
28.18181818
1550
28.18181818
1550
28.18181818
1700
28.33333333
0
25
0
25
500
25
500
25
100
25
0
25.71428571
0
500
25
1700
28.33333333
28.7957497
233.3333333
22.5
300
26.25
242.8571429
28.33333333
1700
28.33333333
1700
28.33333333
0
25
1700
28.33333333
1700
28.33333333
500
25
99.73901406
11733.33333
99.85915493
1100
2530.166667
99.6831633
31462
99.6831633
1700
28.33333333
1700
28.33333333
1700
28.33333333
1700
28.33333333
1700
28.33333333
1900
28.5
25.6097561
483.3333333
24.85714286
0
0
870.5627706
99.37555754
1900
172.5517241
99.56140351
6400
0
97.39583333
23.33333333
350
237.7777778
21.11842105
27
5200
98.11320755
500
25
177.7777778
25.67857143
0
0
5974.442105
98.35375828
0
350
0
130.4444444
0
0
379.338843
23.74137931
1966.115702
27.86
0
22.33941316
0
98.46153846
0
99.12769489
0
217.7083333
6527.612088
99.50529867
0
0
0
0
210
0
0
0
0
4462.5
25.89041096
24.66666667
0
301.0416667
21.68831169
260.9375
21.68831169
0
0
260.9375
21.68831169
260.9375
21.68831169
0
301.0416667
21.68831169
260.9375
21.68831169
0
410
23.46405229
344.6666667
23.25337331
359
23.46405229
260.9375
21.68831169
0
394.0740741
23.92803598
301.0416667
22.51948052
301.0416667
22.51948052
97.43589744
3900
97.1875
0
125
0
0
212.5
0
27
21.36932561
26
0
25
366.6666667
0
0
1550
98.18181818
0
0
266.6666667
23.21212121
21.42857143
0
0
8731.210191
98.72610891
0
170
22.5
1988.888889
28.56382979
100
0
100
0
24
2400
0
134.2857143
24.51219512
25.125
2361.538462
28.78125
2521.648072
28.85568165
23.84615385
25.71428571
0
98.9010989
1366.666667
27.95454545
397.4452907
0
28
668.4322034
28.16997519
0
0
417.8571429
0
28.84453782
18476.27119
26.12408759
0
27.21621126
0
1153.066403
27.60587309
0
0
352.3809524
0
0
4028.045867
28.51041667
0
0
0
0
103.5002035
0
0
0
0
28.85452463
2519
28.85452463
2519
98.27586207
99.15254237
26.19047619
400
0
98.30508475
99.66329966
24
150
1100
0
254.5454545
0
0
0
0
0
140.6015038
0
2666.917293
28.91576087
260.9022556
21.6875
0
0
140.6015038
400
24.85714286
0
0
0
0
0
1207.142857
27.70491803
0
0
25
2750
27.54385965
430.3571429
25.15151515
0
206.4285714
0
0
177.5510204
0
23.69318182
0
0
676.4705882
115.6565657
28.20843091
0
10100
97.66339869
462.619199
2433.333333
353.9487462
99.76811665
9400
28.57894737
2033.333333
0
27.44845361
0
26.7032967
725
0
997.1428571
27.265625
894.2857143
26.98275862
2063.428571
28.6133122
24.85714286
575
25.55555556
575
25.55555556
483.3333333
24.85714286
575
25.55555556
483.3333333
24.85714286
483.3333333
24.85714286
483.3333333
24.85714286
490.8513846
99.02952085
7409.375
97.5031211
12716
99.32376196
938.4615385
21.04
28.68579234
27.75517445
99.5412844
65900
27.5
1688.143251
96.69699282
0
23.74021909
274.8197115
0
224.84375
26.30591631
712.109375
26.30591631
3500
22.98651961
713.1661716
98.90410959
1127.777778
0
26.25
0
101.9919623
429.9512468
0
23.17888703
971.6210148
27.04119192
27.61473009
1263.095238
27.79912664
1263.095238
27.79912664
1157.719298
27.61473009
1263.095238
27.79912664
1263.095238
0
99.46994002
18765.78947
25.62700516
586.0287081
25.62700516
24.18466457
171.3642473
0
28.86206897
0
0
0
725
0
26.875
860
3256.800766
97.4398987
4449.090909
97.44204636
26.875
725
0
0
0
0
580
25.58823529
28
900
0
21.51515152
25.71428571
250
21.42857143
250
99.375
600
8360.78253
97.2646907
98.85057471
0
560
0
0
28.08510638
0
0
150
0
2450
28.82352941
150
24
400
24
400
98.12414842
0
0
0
3785.714286
97.42647059
204.7619048
1971.428571
25.44827586
0
1500
0
98.33333333
400
0
0
0
0
99.12280702
0
340
0
0
0
0
0
0
0
219.1176471
99.53917051
100
0
100
0
100
0
100
0
100
0
233.3333333
21
233.3333333
21
233.3333333
21
100
0
0
0
100
0
100
0
25.71428571
1325
25.6
21.38755981
248.3333333
21.38755981
2025
28.58823529
290.9090909
26.80232558
838.1818182
26.80232558
838.1818182
0
0
0
9849.333333
99.24953096
489.2857143
24.90909091
27.85714286
0
0
0
4820.32967
97.96761586
0
225.7142857
0
0
0
0
0
0
0
0
100
28.125
0
2805.215827
98.72642853
24.93243243
492
356.0810811
23.42222222
0
0
28.06598985
901.5748031
0
0
269.1118083
96.95326315
0
24.75866623
439.6825397
28.52941176
1940
21.17647059
240
1248.039216
27.77454545
0
0
27.05882353
920
27.05882353
21901.73077
28.85654285
1066.666667
22.28571429
0
97.56756757
0
527
27.6076555
3984.736842
0
0
256.1069958
179.2544748
0
0
28.80952381
3620
27.97849462
0
15638.66667
99.36462216
433.3333333
207.5
0
1622.710177
0
0
1191.034483
0
28.84615385
98.38709677
4850
97.97979798
0
0
2500
4600
0
25.58823529
26
650
26
650
0
0
2280.826737
28.74824529
752.5896414
27.10280374
219.3548387
0
0
0
0
0
219.2851824
0
21.28816083
0
0
1652.866242
28.28851744
0
0
0
1014.16309
27.31702619
98.76149334
0
26.20295699
6088.495575
0
24.375
98.00884956
0
99.16666667
7455.555556
2772.058824
28.95545315
1217.013575
27.53331084
13454.44444
99.26223461
0
0
27.67742175
515.8940397
25.12903226
0
9565.680473
98.96541169
98.27586207
98.38709677
940
27.11538462
2800
99.08045977
375
0
0
0
0
0
220
0
2193.333333
97.6744186
26.25
166.6666667
0
0
0
98.27586207
5361.633493
99.45216896
323.75
97.05014749
2622.222222
0
0
0
0
0
2366.666667
28.9160473
0
0
143.5714286
0
0
24.80357143
0
0
0
0
28.81578947
9729.869281
98.7340173
135.7142857
23.86363636
470.3703704
0
0
391.6666667
98.30508475
11900
28
125
1855.555556
28.46590909
23.75
380
23.75
0
0
27.95454545
200
411.1111111
24.13043478
466.6666667
24.70588235
0
0
0
0
0
24
400
0
0
359.2592593
0
97.10526316
27433.94495
28.25669732
186.4583333
24.76363636
330.46875
149.7277677
0
2049.969231
28.52911712
0
152.2167488
0
152.2167488
0
1539.408867
28.17007212
110.180624
0
24.08866995
407.5
24.08866995
540
0
916.9491525
23.5
1218.540925
27.19970187
28.125
316.1290323
0
27.75
200.6060606
1683.783784
28.10117302
25.58035714
578.7878788
0
0
0
0
238.2173382
24.0866426
0
11577.05474
99.40683613
0
178.0208333
24.94192581
498.1538462
163.0315501
0
1705.737185
28.93284177
0
285.4014599
22.21590909
0
1088.019129
97.45762712
4900
28.0135
0
231.0833333
0
0
194.375
23.46072187
358.7662338
23.46072187
250.6493506
0
6178
98.93809069
150
0
0
34429.88827
99.71039582
337.6666667
23.14546839
337.6666667
23.14546839
5843.816698
98.31757934
27.91666667
1335
0
0
140
23.33333333
350
23.33333333
98.24561404
0
99.67105263
220
7000
99.43661972
7000
28.94366197
0
671.4285714
0
98.88888889
191.6666667
0
0
3766.666667
99.48275862
0
220.625
0
0
0
400
24
3224.902869
28.79460764
0
0
0
0
22.85714286
320
22.85714286
5700
27.33990148
0
99.23115079
1150
0
0
1400
24
1900
930.1403509
98.01310217
400
24.85714286
0
0
0
0
6000
98.36065574
0
0
0
28.29545455
940
27.11538462
9340
98.94067797
0
0
0
0
0
0
0
0
0
0
0
0
24
300
24
0
700
23.25
301.5531892
97.02662722
26.8
2733.243119
0
21.97244796
0
28.7027027
0
22.94117647
220
20212.5
99.42307692
22
0
4400
22.14285714
0
211.1111111
0
918.5185185
27.05454545
522.2222222
23.88888889
28.83116883
2525
28.85714286
2525
28.85714286
2466.666667
28.83116883
2525
28.85714286
2525
0
28.83116883
2466.666667
2300
0
28.84615385
8966.666667
98.56440571
357.1428571
23.33333333
0
27.85179201
5446.666667
98.07692308
0
23.6
4600
26.4893617
0
138.1996234
98.13415136
530
25.23809524
530
25.23809524
530
120
98.25174825
345
97.37827715
1385.714286
98.07692308
100
0
143762.201
98.70246204
419.1071429
24.22084623
419.1071429
0
27.43150685
1172
28.15251572
226.8085106
23.13616071
23.17073171
339.2857143
24.87804878
0
900
28
1400
653.3333333
26.01769912
693.3333333
26.21848739
96.66666667
300
650
26
650
1200
98.65384615
407.9365079
27.1875
110
433.3333333
454.0332512
0
0
0
0
0
0
600
0
28.1341521
200
670.5555556
26.64203317
0
0
28.46153846
0
27.5
300
0
6306.842105
97.18113859
909.9667774
97.53289474
23.33333333
350
23.33333333
0
802.8571429
97.0464135
0
24
0
27
98.83886016
0
0
99.72527473
51356.95364
27.53677606
21.95760453
840.2294708
28.20930233
0
329.6675192
1024.092675
28.10590096
0
916.2994627
27.04811415
0
0
24.42724458
6033.333333
0
0
99.78723404
1942.857143
0
0
0
0
22.61538462
26.25
116.6666667
0
116.6666667
0
0
2825
28.97435897
983.7762238
27.52929997
10670.83333
99.07156673
0
0
2825
28.97435897
983.7762238
27.52929997
10670.83333
99.07156673
0
0
2772.058824
28.95545315
1217.013575
27.53331084
10667.77778
99.07130327
0
0
2558.139535
28.87139108
1306.511628
27.56493506
10643.33333
99.0691902
0
0
2766.776316
28.9535284
901.6447368
27.5862069
10814.28571
99.08376963
0
0
1030.769231
27.34693878
0
2801.315789
28.96598639
1124.232456
27.55485893
14288.46154
99.30499866
0
0
1078.04878
27.45341615
98.88888889
5750
2686.324786
28.92331288
1368.2861
27.71390374
10655.55556
99.07024793
0
767.5065492
702.4244794
0
2618.75
28.89655172
1281.153846
27.55639098
10650
99.06976744
0
0
2686.324786
28.92331288
1269.625247
27.56998848
39977.0416
99.75048058
228.8135593
0
99
6312.5
2722.612086
28.9371547
1337.980917
27.69302615
17894.87179
99.44428612
25.38461538
99.23076923
8000
2751.851852
28.94805195
960.4288499
27.71390374
20234.72222
99.50823031
100
0
0
208.5714286
0
362.8571429
23.51851852
2231.428571
28.71323529
1280.952381
27.61189655
11783.04094
99.15846457
0
1031.313131
27.34821429
0
2562.5
28.87323944
917.6923077
27.58812616
14543.75
99.31711481
0
0
98.88888889
8900
0
2696.568627
28.92725679
1387.109084
27.75373494
577.9661017
25.575
0
7963.241107
98.75980392
1006.719368
27.28928571
0
0
0
14042.85714
96.96969697
11766.66667
99.15730337
0
24.27272727
23.93626184
99.37432628
0
22.5
500
0
26.3523501
27.19101124
0
97.56416575
25
28.125
98.92473118
1271.446488
24.05578418
27.57
6616.049383
98.51102941
0
25.94162421
0
22.5
0
184.959276
0
184.959276
0
184.959276
99.63302752
6600
613.7764784
97.11174685
1118.461538
6300
0
98.46153846
96.875
25349.6318
97.14632414
3944.75043
97.52765957
140
0
0
22.7027027
26.66666667
800
0
0
28.875
150
700
0
0
99.85507246
40014.28571
2993.660969
96.76758375
1027.305443
27.45317737
254.2589216
21.53161765
0
254.6453546
21.54084507
0
10019.10549
99.01177036
0
0
0
98.88888889
5788.888889
2600
28.88888889
929.59285
27.80230035
10436.58537
99.05092593
0
0
2558.139535
28.87139108
1306.511628
27.56493506
10643.33333
99.0691902
0
0
100
0
700
0
14150
28.94736842
98.93617021
100
500
0
167.8571429
144.4444444
98.93617021
100
98.93617021
100
22.29436604
99.48193543
300
12275
0
28.4955
1216.051844
27.48760331
98.93617021
100
320
96.82539683
28.40354767
400
100
0
98.93617021
100
1400
0
0
98.93617021
100
98.93617021
100
0
0
22.5
2015
0
27.85714286
9300
98.93617021
0
200
0
0
0
0
99.10714286
0
150
0
97.43589744
5400
98.18181818
1100
266.6666667
96.96969697
185900
98.92473118
28.5
1900
99.11504425
28.85714286
21.1183725
99.21585028
0
167.8571429
966.6666667
97.5
300
237.5
0
0
0
0
0
300
22.5
0
0
27.33333333
1100
27.01863354
28.97142857
0
0
0
24.80769231
6857.580418
23.10104992
28.33333333
326.6666667
0
0
21.54878049
0
27.15254237
1480
415.6799539
26.4833132
98.00569801
4914.285714
154.2735043
0
97.2972973
1900
26.34146341
1100
28.75
98.28336557
3866.666667
28.7394958
6700
27.64705882
0
0
97.52747253
3944.444444
27.10677382
0
25.6910871
238.7212644
21.30131798
0
4528
25.33275713
27.5
11500
97.84482759
0
0
98.27586207
13348.27586
98.71794872
0
2558.139535
28.87139108
1306.511628
27.56493506
10643.33333
99.0691902
0
0
2558.139535
28.87139108
1306.511628
27.56493506
13026.66667
99.23819198
0
0
0
2774.80457
28.9564508
937.0014031
27.29665997
241.8275418
21.22364458
0
0
0
241.5966387
21.21771218
0
8642.857143
98.85620915
0
1095.061728
27.48966942
0
2693.209877
28.92596685
1242.592593
27.59605911
10098.77049
99.01948965
0
1021.478873
27.32496075
98.88888889
5788.888889
2667.924528
28.91615542
1260.580552
27.54922497
10655.55556
99.07024793
0
0
2558.139535
28.87139108
1306.511628
27.56493506
10643.33333
99.0691902
0
0
2662.068966
28.91385768
942.7586207
27.56493506
10643.33333
99.0691902
0
22.5
0
2728.125
28.93922652
972.6704545
26.94104561
214.2857143
0
528.5714286
0
0
0
8394.520548
98.82277052
1021.917808
27.32600733
98.88888889
5728.571429
2627.941176
28.90026954
954.4955324
27.9060241
10063.17016
99.01605505
0
938.961039
27.1125
25.58823529
24
320.5607477
98.33333333
0
0
26
99.8152545
17423.87273
139.9014311
97.1455771
0
0
0
144.5449975
98.75440658
26.37735849
728.125
26.37735849
728.125
109.0618337
0
0
0
175.2013635
0
97.64705882
0
28.90909091
0
97.05882353
98.7654321
98.49915361
0
1997.777778
28.56991525
22.74074074
313.2653061
22.74074074
98.94813589
0
0
9810.838663
98.99100365
23.77124818
381.6374269
23.77124818
97.82543038
0
98.99965565
0
4539.260401
97.844484
0
0
0
0
21.33333333
22.53913043
99.62264151
11375
2889.106754
28.99635569
1191.503268
27.5708502
233.3333333
21
0
0
27.57575758
773.90625
26.56713749
773.90625
208.09941
0
271.0917219
25.61685653
13213.7931
99.24889925
0
24.84978541
22.5
52566.66667
98.97151899
1723.636364
98.74920692
0
0
0
99.16666667
7455.555556
2772.058824
28.95545315
1260.090274
27.61143568
584.4444444
25.61688312
0
0
0
12611.11111
99.21328671
0
28.57142857
900
99.03846154
7820
22.5
316.6666667
0
0
22.3136646
0
0
28.18181818
3900
0
0
28.86166008
1560
0
0
0
0
2558.139535
28.87139108
1306.511628
27.56493506
10643.33333
99.0691902
0
3058.043997
98.87014237
1114.798206
27.53045404
0
2924.834437
96.69403394
981.4857041
27.2673721
0
589.3617021
2475
99.43264563
25.6684492
1119.340378
27.53965336
98.27586207
98.27586207
98.88888889
5728.571429
2696.568627
28.92725679
1282.08061
27.6
10079.31034
99.01761518
0
1011.764706
27.3015873
25.76187597
98.88888889
5728.571429
2696.568627
28.92725679
1310.135002
27.63111959
516.3328197
0
0
146.5331279
5000
98.8002451
1044.024515
27.37767857
0
2688.906009
28.92430939
1234.123504
27.52265458
9774.125874
98.98725212
0
99.54545455
13011.11111
2905.084746
96.67230682
1003.937419
27.5127551
10683.33333
99.07264297
0
98.5
441.6666667
98.5
441.6666667
25.956234
0
2742.857143
28.94472362
1138.282209
27.35704248
528.5714286
0
0
25.71428571
25
5942.307692
99.02783404
0
97.87852886
1091.474554
449.5582652
0
698.7742594
26.24424552
0
2293.089431
28.74639035
823.1310322
27.02541149
0
583.8559814
0
21.22622283
0
0
97.69181789
2506.896552
98.61111111
7100
0
241.902109
21.22555866
25.28690808
536.5248227
0
8042.991507
98.77195009
99.89641778
94691.66667
412.7032967
24.14866255
0
203.9751553
125.4072042
0
701.056338
26.25494505
0
2732.352941
28.94080997
960.4524887
27.54922497
11526.38889
99.13988771
0
99.54545455
13011.11111
2905.084746
96.67230682
1003.937419
27.5127551
10683.33333
99.07264297
0
3900
21
3833.333333
97.45762712
0
0
98.7804878
654.2857143
26.02272727
654.2857143
26.02272727
604.7619048
25.74324324
604.7619048
25.74324324
604.7619048
21
25
100
175
28.83116883
0
200
98.31356393
22
28.44512195
0
98.79518072
300
0
23.26027099
28.07692308
2846.666667
26.90384615
0
27.02083333
0
27.02083333
0
27.83653846
26.66666667
99.96916895
4400
97.77777778
4400
1388.888889
27.45771144
6560
28.21621622
0
25.875
133.1818182
98.88888889
2220
98.27586207
98.21428571
97.33333333
3650
0
28.33333333
98.78378378
0
7200
99.5890411
1261.111111
27.79591837
733.3333333
172
28.67647059
733.3333333
26.4
733.3333333
172
28.67647059
733.3333333
172
0
172
0
172
28.67647059
1400
28.73919523
0
507.9787234
99.56255468
28830.06993
27.57049622
0
98.26839827
5757.142857
0
0
1932.729881
28.05280076
1300.701992
27.8582168
207.8446731
0
700
380
337.8947368
99.52423878
233.3333333
21
233.3333333
21
233.3333333
21
326.6666667
22.96875
326.6666667
22.96875
326.6666667
22.96875
233.3333333
0
0
21
233.3333333
21
233.3333333
22.5
97.82608696
98.35164835
99.74362611
10500
0
0
28.88888889
10765.7337
28.61951338
24
2371.680672
23.84022371
510.8374384
24.67741935
0
27.2027972
725
28.18181818
6900
27.64285714
341
0
0
97.71232485
700
446.40625
0
214.88006
0
0
0
0
27.37318841
600
25.71428571
1000
27.27272727
3800
97.43589744
1042.068966
27.37318841
1042.068966
27.37318841
300
22.5
3330.177515
97.08469898
100
0
1700
28.33333333
1064
27.42268041
1072
27.44027304
5914.814815
0
24.3097773
26.63721854
774.3944228
24.97297297
0
774.3944228
26.56905405
0
25
99.46998755
891.6666667
26.97478992
98.27586207
26.43145161
5980
98.35526316
287.5
132.2580645
26.875
26
650
26
650
23.47826087
27
0
8600
98.85057471
11500
98.27586207
0
97.35449119
2177.807487
0
0
494.9871887
26.70529823
0
23.5
3828.445474
97.40688373
0
96.80851064
97.17695257
27.39130435
0
38270.0495
27.87486157
2180.645167
28.68458275
24.20541645
417.7248677
157.5370465
0
194.3280531
0
727.7976495
97.77777778
443.6111111
0
0
100
292.5
98.40764331
0
4114.285714
97.62711864
99.17012448
100
0
100
0
0
26.67571235
28.36363636
1733.333333
28.36363636
1733.333333
287.5
22.74193548
113.3333333
0
6300
97.1875
5600
98.24561404
100
0
6800
98.55072464
800
26.66666667
1300
4400
98.88888889
20400
99.51219512
200
28.23529412
2900
26
22.5
25.71428571
0
0
8700
98.86363636
98.7804878
99.49238579
8900
98.88888889
22.5
0
8700
98.86363636
25.76470588
0
22.96875
860
26.875
3281.21547
28.91781788
21.80124224
265.9090909
22.54658385
311.25
0
28.81294964
3063.636364
96.83908046
9000
180
98.9010989
98.32380952
98.25174825
5620
500
98.07692308
0
8700
98.86363636
8243.75
0
27.78754171
0
0
3829.399368
98.93961741
374.7252747
0
0
1146.65404
27.59355852
24.65277778
461.038961
0
0
206.25
0
155.2083333
0
98.27586207
308.3333333
150
28.61538462
0
344.4444444
0
0
5142.105263
98.09236948
0
0
0
0
0
28.98237179
4880
97.99196787
0
0
0
0
0
97.89473684
100
3385
97.13055954
3100
96.875
23.25
0
0
0
0
0
1050.684932
27.39285714
146.5753425
0
96.66666667
96.66666667
98.88888889
662.5
26.31147541
113.3333333
0
5233.333333
98.125
860
26.875
0
5400
98.18181818
98.27586207
965.2244435
98.81622223
0
0
212.3595506
28.81294964
3063.636364
96.83908046
15500
99.03846154
10400
98.94179894
2930
96.69966997
0
0
98.7804878
1500
26.57142857
8600
98.85057471
27.95454545
26.47058824
27.1875
9400
99.22807018
4304.545455
27.38080495
1699.054374
28.33245729
526.8058839
25.21382923
0
26.96428571
0
0
0
0
14250
0
27.45484673
0
0
9680.859917
98.24730573
28.1284869
0
10308.68538
98.39823218
98.96405263
1466.666667
28.08510638
26.25
700
98.13278008
3944.444444
97.52747253
27
0
205.4545455
28.75
0
100
9100
99.86413043
700
98.20872929
22
2484.914596
0
3312.5
26
98.60966953
0
24.94498527
96.79633028
0
494
0
0
0
28.43478261
0
0
100
4167.123288
0
28.01829268
4773.846154
22.72727273
27.4609375
15666.15385
99.3657299
133.8461538
0
569.8039216
25.52107728
569.8039216
26.53416695
0
470.6031746
25.93162346
0
569.8039216
25.52107728
569.8039216
26.53416695
0
498.6904762
0
0
24.98906343
24.28571429
0
498.6904762
24.98906343
24.28571429
232.2291022
23.34637965
350.8823529
23.34637965
350.8823529
0
592.0454545
26.87881773
0
0
0
382.1428571
0
24.16666667
25.71428571
25569.23077
99.61042853
26180
22.54185693
27.85714286
23.57142857
366.6666667
1502.857143
28.12834225
245
28.88888889
97.01696438
0
0
99.51910232
21837.5
0
2004.504505
28.5744863
28.80411585
0
0
4676.923077
97.90660225
25.14705882
24.54545455
0
6263.636364
98.42857143
0
0
0
26.65193347
102.4096386
0
5639.759036
98.25776658
96.882494
3469.230769
1400
0
98.4375
580.5555556
22.56122449
0
375.2
0
0
5202.793448
97.45281974
0
0
0
0
0
2029.166667
28.59099804
0
0
0
27.67287234
780.4571429
27.2546729
0
193.75
240.4255319
21.1875
28.63829787
2103.125
208.6524823
0
536.1054767
24.94419643
0
26.92307692
1736
26.24183007
6095.652174
26.13473684
0
494.1901408
24.66666667
23.33333333
0
4907.407407
98.00295858
27.91666667
1340
27.91666667
0
0
0
0
26.10810811
733.3333333
100
0
97.43589744
4900
6900
98.57142857
0
0
0
849.6230159
96.8575667
0
0
0
0
0
97.22222222
3900
470
25.26315789
25
142.4242424
0
6748.484848
98.53982301
28.92857143
3766.666667
1000
0
0
0
0
27
1533.333333
28.62244898
0
98.50993902
0
6305
99.60967994
14112
97.36138475
7900
98.33333333
24
1070
0
0
3664.600551
28.44605027
98.66666667
25.71428571
25
415.2542373
99.67105263
300
24.60385439
22.73809524
1493.442623
28.11728395
883.6065574
26.832
2326.136364
96.91176471
24.28571429
166.6666667
125
0
98.46153846
98.88888889
25.71428571
5400
98.18181818
0
0
0
1066.666667
0
97.25375934
28.5
2733.333333
22305.49188
26.98795336
28.6663977
1911.764706
187.7192982
0
28.6663977
28.94117647
63205.55556
99.84203598
63205.55556
99.84203598
63205.55556
98.52941176
2700
98.21428571
5100
27.69230769
0
0
98.93617021
100
0
266.6666667
96.96969697
0
0
4353.125
97.89473684
0
3724
97.38493724
0
0
24.54545455
4800
97.95918367
8266.412214
97.55968674
0
26.88311688
400
0
1139.072165
28.54730011
0
3540
26.08516484
23.68421053
6460
99.3902439
400
24
1100
891.257732
27.57883351
0
100
28.125
400
24
7900
98.75
1300
4200
97.6744186
6400
98.46153846
700
0
98.26490815
0
26.81818182
842.8571429
1013.636364
27.30612245
191.6666667
0
934.0909091
98.07692308
402.8571429
433.3333333
98.27586207
98.71794872
9775.776398
1012.5
21.73033708
27.69021739
21.52941176
254.1666667
0
267.5
97.95918367
27.85714286
22.5
0
97.05882353
15712.5
97.8972332
5191.353383
97.42451155
0
1164.197531
27.27539063
27.41935484
1158.888889
27.61694616
1158.888889
27.61694616
1158.888889
27.61694616
1158.888889
27.61694616
1158.888889
0
0
27.41935484
1062.5
27.41935484
99.09842562
306.993007
24.32989691
0
25.71428571
511.1111111
650
26
28.06099361
97.27891156
0
28.14763352
0
28.33434282
98.54077253
26.07631579
2888.461538
24.14414414
0
24
18900
99.47368421
337.5
0
98.24561404
5150
98.0952381
926.6666667
27.07792208
926.6666667
27.07792208
954.2857143
25.73170732
602.8571429
25.73170732
602.8571429
0
25.10204082
26.25
0
0
0
24.375
0
0
2078.796343
96.87066584
3557.142857
0
27.4609375
28.76033058
24
300
0
4372.049689
97.5
0
27.85714286
700
22
150
5876.744186
339.4811933
99.74619289
300
22.5
835
26.79144385
835
0
133.75
23.26203209
252.3809524
0
0
150
0
25500
98.2421875
26.25
6600
27.98507463
1411.111111
28.01470588
0
0
0
99.64835165
12700
28.22265625
24.47368421
25.71428571
98.4375
3250
98.50746269
25.91836735
98.51941921
27.69230769
26700
0
28.88059701
27.31343284
23.4375
22.85714286
3320
97.07602339
26.69117647
8400
28.41176471
5300
98.14814815
97.73333333
26.47058824
750
223.5294118
0
0
99.13305415
566.6666667
0
0
7960.606061
28.91844997
0
139.7435897
1047.058824
27.38461538
0
0
220
241.8803419
28.5
7100
0
1361.406501
28.80863303
21.69230769
98.95229186
27
900
27
900
27
900
27
900
920
0
743.75
26.20740741
900
27.75
0
0
2409.52381
23.92314991
237.5
99.30555556
1900
900
0
23.175
0
147.6190476
900
97.30769231
900
97.5
6900
21.35714286
371.4285714
96.96969697
4900
25.065
1766.666667
28.39285714
900
28.8
900
0
25.99879289
126.4567799
0
27.05025953
126.4567799
0
22.27272727
27.61363636
300
102.5
640.7407407
25.95
0
27.77777778
10733.33333
26.26153846
0
480.5724589
0
0
27.1969697
22.79411765
99.22375266
27.6
29400
99.83050847
400
8268.75
27.235398
156.4102564
0
0
23.26054688
96.96969697
24.50800915
0
0
455.5555556
0
0
0
27.77200432
130.7692308
0
26.88247423
0
25
0
28.04964539
990.9090909
0
392.3076923
22.575
27.27272727
97.43457114
1560
0
0
27.27272727
0
0
27.05882353
8900
26.93333333
0
309.731114
24.34875
900
27
27.22442506
26.61764706
22.17391304
1000
0
900
27
900
27
0
0
150
200
0
0
99.10076043
768.9655172
26.54761905
4075.212718
97.60491245
10965.84781
99.61437737
142.4242424
0
142.4242424
0
142.4242424
0
134.3434343
0
134.3434343
0
142.4242424
0
142.4242424
0
242.6573427
21.24489796
225
0
242.6573427
21.24489796
134.3434343
0
225
0
142.4242424
0
142.4242424
0
98.70753525
0
28.66666667
440
0
0
0
275
98.88888889
98.93004723
0
98.88888889
25.55555556
150
98.9010989
3733.333333
26.08695652
24
23.84615385
25.42857143
162.1259653
27.75189873
738.0165289
0
26.225
0
99.33687003
150
500
0
98.88888889
24
400
0
0
24.91032999
23.02325581
0
26
650
26
650
25
300
28.5
875
26.92307692
97.20730397
275
26
98.38709677
1900
0
0
0
22.06349206
28.87087435
26.21980851
350.4056616
0
0
552.3076923
103.7735849
99.76851852
9136.8
98.91737398
6530
21.59810777
23.94124847
395.1515152
126.1933905
27.47694449
24.99137931
912.0481928
98.85057471
22.90958393
26.97717797
0
0
28.87087435
2556.923077
28.87087435
98.85057471
97.98657718
0
3250
128.358209
98.20261438
900
27
0
22
275
22
275
22
100
1650
171.4285714
98.94736842
275
22
175
0
175
0
0
24.39867424
25.05494505
650
22
1127.692308
7671.714202
99.2873069
25.58823529
112.5
225.3781513
3860.12446
28.09359861
97.12643678
27100
26.06424149
98.87905605
1850
357.4898785
24.20970091
0
0
0
24.60674157
457.5657895
628.6135693
24.60923077
278.8527397
21.95641646
1134.587598
27.10679223
0
135.4347826
0
135.4347826
721.1757464
247.8448276
99.87608426
15685.19553
99.36649502
16400
27.81818182
1225
0
281.3169388
0
97.86585366
742.4489796
0
25.91928251
635.1648352
25.91928251
742.4489796
26.43895349
635.1648352
25.91928251
635.1648352
25.91928251
635.1648352
25.91928251
635.1648352
0
99.16666667
62462.5
26.59219992
28
1400
433.3333333
24.375
2184.615385
25.4040404
26.66666667
567.0993746
0
5089.473684
98.94892126
0
0
99.96343693
17654.28571
111.818038
27.12817739
21.25
113296.3759
0
0
0
219.5691203
0
0
540.9399006
25.31937394
0
0
0
0
542.1657096
25.32830864
0
580.7893677
25.31826787
0
0
1040.837495
27.30973869
567.0993746
0
5089.473684
98.94892126
0
0
0
8895.673077
98.88835444
419.2307692
24.22222222
1124.519231
27.55005889
0
97.22881892
1680.078125
0
0
8895.43379
98.88832487
420.5479452
24.23684211
1114.611872
27.53007519
0
8392.857143
98.82253995
392.8571429
23.91304348
1050
27.39130435
28.2019544
44030.43478
99.00582176
21.6392351
22.03069658
191.1111111
18022.1374
99.0547599
335.9375
27.29166667
335.9375
27.29166667
98.11398109
6088.495575
0
27
0
0
319.3548387
130.7692308
22.36363636
10186.30952
99.02783404
0
1450
28.06451613
0
0
29878.26087
99.02683104
98.66868448
360
31421.73913
98.98432602
23.3601457
0
32122.22222
98.98432602
28.25749766
0
8020
98.79086431
98.07692308
567.0993746
0
5089.473684
98.94892126
98.6013986
27
25.16129032
0
0
27.00264174
0
27.60775862
7776.54321
98.88857224
98.27586207
98.16743325
0
390.9090909
23.88888889
1045.454545
27.38095238
23.67447974
0
26453.19149
98.85022385
401.7699115
24.02116402
1070.79646
27.43764172
335.9375
27.29166667
335.9375
27.29166667
27
567.0993746
0
5089.473684
98.94892126
567.0993746
0
5089.473684
98.94892126
27
27
21.02788228
5229.72973
98.94892126
21.02788228
5229.72973
98.94892126
0
0
322.2222222
0
0
200
0
0
98.42883549
0
0
97.06515166
736.587963
97.21089301
0
26.875
3085
0
517.868198
97.81076772
2013.548387
0
379.3827411
21.33866782
0
119.7514716
463.8664819
27.40060044
518.0555556
24.12351102
2011.85948
98.64194203
25.26315789
14806.66667
0
0
1591.286989
99.86705586
2642.826667
0
28.8116561
2468.57971
97.92362553
4716.086957
97.92362553
107263.5438
22.30769231
0
97.43589744
3900
0
2579.487179
27.05263158
0
23.56521739
0
156.6666667
21.23376623
27.5
0
113.4646962
0
885.2216749
24.98571429
180.8641975
0
138.2133995
96.66666667
24.93006993
0
0
6857.692308
28.88557214
0
0
0
26
21.96428571
27.5
77900
98.46153846
116.6666667
28.84615385
2500
28.84615385
2500
0
0
28.4516129
1700
0
24.47004608
300
0
836.8686869
24.61455526
0
0
285.3624696
22.21512151
111.143695
21.11111111
21.5625
0
0
301.025641
21.32812016
25.72058824
27.93814433
10100
0
99.79101358
242032.1429
23.68113633
24.85294118
665.7142857
26.08208955
0
2111.297331
98.50138483
776.6233766
0
97.22222222
27.46478873
97.73419469
2198.387097
28.69473684
97.68491365
2185.714286
28.6875
98.46153846
0
98.79032258
0
0
1000
0
14681.95251
0
97.87234043
0
0
10576.96203
28.68961704
28.56626802
27.14285714
173.125
24.50800915
446.25
266.1327231
21.80625
27.43707094
6671.428571
22.68987342
0
0
25.04587156
613.9393939
25.79796265
613.9393939
25.79796265
505.5555556
25.04587156
613.9393939
25.79796265
613.9393939
0
0
188.3597884
0
188.3597884
0
0
28.72463768
0
321.875
0
0
1679.166667
27.470726
0
306.4516129
22.61904762
2285.765306
28.45273706
0
0
3090.416517
26.77950349
0
123.6024845
0
0
0
0
283.3333333
22.17391304
585.7142857
25.625
1416.666667
98.9010989
0
0
17060
98.83449883
26.25
22
275
22
275
22
275
0
26.25
0
26.25
114.2857143
99.60058581
5600
487.6315789
98.27586207
0
0
24.74209959
0
26.41763363
0
598.4126984
23.18181818
0
97.35449735
3680
98.82352941
541.9753086
28.92857143
5675
98.7012987
96.66666667
2900
6433.333333
99.48979592
200
0
200
0
200
0
200
0
200
0
200
0
200
0
300
22.5
300
22.5
300
22.5
200
0
300
22.5
200
0
200
0
98.73378528
0
0
99.96807087
5668.75
0
22.39130435
393.75
0
4456.763285
97.06122449
0
1025
27.33333333
98.75
7781.818182
98.73125721
291700.6431
99.96573003
7900
0
99.16666667
7900
98.75
8900
133.3333333
238.4976526
99.87938012
13845.10309
0
99.8139881
29700
99.86577181
150
25500
99.609375
200
522.2222222
3403.571429
27.79816514
0
0
28.8171729
300
553.1578947
328.6865431
0
28.92857143
0
787.0114087
98.65787951
764.2045455
97.58930528
4048.181818
0
98.9539749
74780
99.86645299
8267.272727
28.9243807
10326.66667
97.44245524
945.9090909
27.13168188
2450
27.58241758
25.90909091
250
22
10120
97.84735812
98.93116717
6600
26.41791045
28.4047619
0
2937.037037
28.64634146
0
100.4371585
0
100.4371585
0
27.36328125
0
650
28.45880261
21.85855263
23.6
28.9869211
1700
97.77777778
0
11900
27
4900
26.50576923
23.71931756
0
0
0
0
0
0
0
28
250
21.42857143
3983.333333
97.55102041
3983.333333
97.71373501
471.1976628
98.24929256
10740.0719
0
98.52195946
7900
99.64285714
0
8700
98.86363636
8700
99.43181818
8700
0
150
543.902439
766.6736022
26.49915389
98.87640449
6533.333333
99.74874372
500
100
27.5
500
25
18087.05036
96.70094937
157.1428571
0
1116.666667
365.2631579
0
98.46153846
6003.305556
0
24.60674157
462.4609375
26.49975693
728.4688013
261.3474387
21.63698168
0
0
0
28.77844684
21.02661113
234.5342523
0
0
0
28.98305085
0
23.16729849
339.0649867
99.38356444
14015.78947
0
27.94948037
1363.043785
99.71520561
700
170
150
99.25925926
49564.2487
0
22.50627479
0
179.221876
0
0
0
5200
98.82075472
8380
98.11320755
458.4045584
97.95918367
480
0
0
22.5
0
331.6666667
25.36679537
98.88888889
100
0
98.30508475
98.30508475
27.69230769
27.69230769
98.38799678
1790
28.41269841
22.81805746
27.85714286
100
0
0
98.63013699
0
0
0
1214.393939
96.72255698
436.3709033
24.44709389
27.84411277
103.0769231
99.24242424
4900
0
0
0
22.35294118
98.87640449
8800
98.87640449
8800
97.5
28.63636364
7400
877.7777778
28.81363636
0
24.375
24.82758621
28.25581395
24
150
0
0
28
0
0
703.5714286
96.66666667
0
0
0
0
200
0
0
25
300
25.92635589
0
133.3333333
26.56084656
105.0213675
98.74934862
400
24
100
15850
99.68652038
100
250
6757.142857
98.54166667
328.5714286
23
0
26.25
70900
99.85915493
17166.66667
26.74227799
28.4
17166.66667
99.42084942
1775
28.4
17166.66667
27.28523166
1005.066667
27.28523166
1005.066667
98.27586207
28.33333333
0
28.8372093
292.7272727
22.36111111
365.8181818
23.63114754
0
27
300
0
133.3333333
22.57142857
1342.307692
27.92
99.01156725
0
0
1072.368421
27.44107744
98.78116833
167.8571429
0
25.98214286
646.6666667
0
0
0
1006.451613
23.46938776
0
148.8888889
0
26
0
786.5490473
26.61609247
500
0
28.8559322
0
26.66666667
0
26.77966102
98.92473118
97.98657718
3415.891473
97.47179657
98.36021505
112.244898
0
0
1340
27.91666667
98.88888889
98.8851728
0
26.66666667
800
21.64285714
99.79701008
24
3650
98.28738513
1471.022727
28.09041591
686.25
26.18441971
0
220
0
1400
0
25.71428571
0
0
96.96969697
22.84199597
23.08333333
23.80378657
28.69565217
28.75
27.87132285
170.9677419
0
98.38709677
6200
96.82539683
0
990
112.8440367
0
395.412844
99.26205182
6600
22.5
813.4328358
28.7254902
0
99.78632479
5100
98.07692308
6968.75
21.49834271
26.59926471
694.5945946
98.97959184
700
223.75
0
99.7260274
2566.666667
28.875
14158.33333
0
0
780.66605
26.05392157
0
28.89538661
2615.882353
28.89538661
2583.333333
28.88198758
2583.333333
28.88198758
2583.333333
28.88198758
2615.882353
28.89538661
2583.333333
0
28.89538661
2615.882353
28.89538661
28.84615385
7667.020592
98.6205411
24.66666667
462.5
126.6666667
0
0
99.78723404
58300
96.83219178
121.6216216
28.17073171
540
25.3125
540
0
25.94594595
640
25.94594595
98.27586207
98.93617021
185.7142857
22.125
900
3478.077803
99.7646487
170
16583.33333
99.97779998
9000
98.9010989
81800
26.66666667
2371.167211
99.76653823
547.6190476
266.7279412
98.39598997
6134.375
28.55639098
716.6666667
154.4642857
96.84466019
1961.538462
27.8358209
0
0
0
0
23.36538462
0
23.36538462
0
19400
0
0
0
106.637688
0
99.10714286
8800
98.87640449
100
0
200
1766.666667
28.39285714
28.5
0
250
0
28.16666667
104.5454545
0
104.5454545
0
104.5454545
0
104.5454545
0
175.7575758
0
0
0
175.7575758
28.26086957
884.8484848
28.84615385
100
0
100
0
5866.666667
28.49162011
0
0
0
4880
97.99196787
33080
99.69861362
1000
27.81818182
0
0
0
0
1175
24.375
0
27.31598432
0
0
28.71794872
130234.6154
99.07929294
8505.591398
97.50162435
1341.860465
27.91935484
0
27.43589744
1070
643.5897436
25.96551724
0
1711.155914
28.34359926
1008.870968
99.33333333
1252.727273
27.78225806
11122.5625
97.92085512
495.1785714
24.95949595
2257.142857
0
97.91013584
287.9472554
22.22648538
0
200
0
23.15315315
587.5
0
0
100
0
5400
98.18181818
0
100
0
5400
98.18181818
27
4600
97.87234043
98.25581395
3566.666667
97.27272727
0
100
0
5400
98.18181818
0
0
1962.5
0
0
0
0
0
2847.368421
28.98214286
0
0
24
24
0
0
0
0
0
189.5927602
0
3890.066694
28.99192754
21.90031153
201.1538462
0
0
99.94579946
148366.2577
0
97.63344051
633.8916179
27.91722296
807.3777778
240.9090909
21.2
1969.26018
99.68044324
1506.27451
28.13232422
1506.27451
453.3854167
98.875
855.5555556
98.66190901
7650
96.77419355
0
97.69911504
198.0769231
0
174.0384615
0
1792.664165
0
0
700
0
28.84615385
99.28088166
404.1666667
161.8181818
0
27.375
21.75824176
0
26.06164887
0
799.0136364
28.93823028
590.0468384
0
0
23.90208635
245.8333333
22.04819277
0
28.62727844
0
535.6304985
0
164.1025641
0
99.65277778
12140
27.45098039
27.11538462
23300
27.84615385
0
28.19711538
17180
26.83333333
426.3157895
24.3
0
0
25.5
52859.03107
99.76921364
13129.09091
0
27.79087472
25.09090909
8165.109101
98.79009462
511.1111111
25.09090909
12492.59259
0
0
27.62548263
1158.448047
0
0
0
27.62873985
1165.150094
0
22.9375507
0
762.0756173
99.93287089
6500
28.78787879
250
0
338.2205029
23.15413136
97.57575758
135326.2238
0
0
28.08862275
0
3799.713631
99.9287697
860
26.875
1160
27.61904762
1160
27.61904762
1100
27.5
1160
27.61904762
700
125
23.33333333
24.375
0
0
100
0
26.2962963
199096.6038
99.69879005
25
350
433.3333333
22.5
4300
21.13636364
27.69230769
8700
97.72727273
3502.260274
0
0
0
0
27.35498857
1034.210599
0
786.8544287
0
170.7723516
0
0
0
112.9537622
0
0
155.8379132
0
22.04907479
263.7058436
0
99.71291866
34196.42857
28.39633448
2354.545455
28.47222222
1121.818182
0
250.3618134
0
24.18300654
895.3079484
26.76693301
6764.219467
26.32604183
0
472.2352941
23.75
22.42105263
26.38554217
900
27.75
2000.136054
28.34931329
0
147.6190476
0
147.6190476
98.18181818
300
98.70591017
0
233.8461538
21.01382488
1935.384615
28.06547619
146.1538462
0
11717.01978
98.25024215
1328.571429
27.9
796.6600529
99.55744053
7100
25.08928571
341.2121212
0
0
148.8888889
0
99.8723131
100
308.3333333
230.6122449
0
926.6666667
99.85883682
97.89473684
757.1428571
933.3333333
0
28.88888889
6009.090909
98.36309524
22.5
2133.636364
25.97069597
0
2133.636364
28.65689866
200
0
2133.636364
0
179.2045455
0
179.2045455
99.84297338
23900
0
361.5384615
98.52380952
119.3548387
0
150
0
3426.666667
26.17202268
0
0
400
24
100
0
300
22.5
0
0
21.72173913
0
0
0
824.2857143
23.94899536
0
0
100
0
97.14285714
3400
809.4581281
21.10773481
0
135.875
600
25.71428571
100
0
0
0
0
0
0
0
0
0
300
0
100
23.33333333
0
0
306.25
26.30769231
216.6666667
0
97.19400097
2778.571429
27.02034429
26.66666667
0
23.33333333
0
22.5
0
0
23.33333333
725
22.28571429
96.96969697
150
0
0
100
0
300
28.63636364
28.25581395
1100
0
98.41269841
0
180.4761905
27.55517827
96.875
30581.39535
0
0
0
0
0
96.875
300
28.28244275
753.3333333
27.421875
96.85314685
0
0
0
192.2077922
0
26.0827747
0
27.75
100
0
0
500
0
300
0
21
233.3333333
0
23.33333333
0
0
0
27.13636364
26.25
100
700
26.25
0
255.5555556
0
200
0
940
28.55769231
380
23.75
700
0
23.18181818
340
23.18181818
360
24
540
97.5
525
0
1850
24.80769231
0
28.5052101
27.6
168.3333333
24.95341615
319.010989
0
21.06696429
150
24
96.96969697
97.05882353
0
0
0
24
98.36065574
250
43213.04348
99.67017524
0
25900
28.15384615
0
163.2142857
0
0
98.90988372
5766.666667
98.29545455
99.6126176
460
24.64285714
24
400
24
400
24
400
24
2983.333333
0
0
25.13513514
516.6666667
25.13513514
516.6666667
980
21.24599359
25.8993135
5257.142857
98.13333333
0
22.5
460
24.64285714
460
0
0
2212.5
28.7027027
8328.571429
97.21927966
98.47619048
6300
98.4375
17400
97.14285714
1212.5
27.71428571
1212.5
27.71428571
2450
2729.803922
97.39355084
0
286.7403315
0
97.01492537
2220
24.22952586
3371.148459
97.1191091
1322.969188
27.89173228
505.0420168
261.8518519
0
27.52083333
23.27731092
346.25
23.27731092
0
99.85074627
5400
22.05882353
24275
98.46153846
0
0
26.72727273
816.6666667
26.72727273
816.6666667
0
23.25
5900
97.35449735
740
650.4058442
28.59451055
0
7600
0
97.17514124
28.2
1566.666667
28.2
1566.666667
230
0
2870
0
107.3316283
22.875
26.84210526
27.5
700
2187.5
98.90710383
0
23900
27.75
172.6495726
25.10971787
1275
27.81818182
10653.27273
99.76751264
2642.307692
28.35904628
0
2642.307692
28.90603086
0
0
2642.307692
25.62412342
585.5769231
25.62412342
585.5769231
22.98774652
0
27.88636364
609.6774194
98.05068226
2060
27.55555556
0
22.8
0
22.8
97.91666667
0
0
0
97.88149351
1080.076628
25.16103896
0
11462.85342
99.13516157
2070.686456
28.61794872
0
669.7580645
26.10267156
669.7580645
185.8379169
0
28.05133578
22.5
5620
26.85314685
0
1274.567972
0
0
26.76772388
335.0649351
527.2636816
99.77791878
471.4285714
5439.831288
28.51078497
181.8181818
0
0
0
25.05131965
506.2222222
25.05131965
506.2222222
28.68035191
2173.333333
28.68035191
2173.333333
28.1309321
21.29464286
174.6153846
0
0
145980
28.86486486
1195.238095
28.56617647
0
450
0
0
28.96118178
0
22.4137931
250
27.66233766
1183.333333
1267.300249
28.24994024
98.37177748
6041.666667
98.37177748
96.66666667
27.97968831
303.4188034
99.57627119
14750
98.98989899
922.7272727
154.2222222
0
0
1528.92562
99.74632166
2320
28.76033058
14300
28.33333333
96.66666667
25.77464789
27
0
21.34615385
3200
98.48484848
98.90251055
10585.47419
98.83018762
780
0
867.7419355
26.9
22.74193548
406.6666667
906.5789474
27.56862745
25.16129032
520
25.16129032
98.18181818
99.39944631
6500
98.48484848
13760
28.58585859
98.27586207
0
28.8372093
3404.761905
26.08695652
25
28.63782424
28.78865979
18100
98.3974359
13550
98.53479853
2100
27.44318182
593.3333333
25.67307692
2833.333333
28.97727273
4700
0
97.87234043
100
0
209.5480138
28.02605364
0
0
0
97.08333333
3328.571429
97.08333333
98.82352941
2516.541353
98.06896552
12757.14286
97.77777778
1064.285714
28.89570552
25
300
0
0
22.5
300
0
145226.2857
98.86462384
0
28.89162562
0
28.32786885
311.7647059
0
28.26409496
97.8956229
140
26.875
2556.923077
28.87087435
140
0
2433.333333
28.81578947
98.21428571
98.52941176
25.68149193
26.61987753
21.57190635
353.125
23.37931034
353.125
23.37931034
1462.5
3472.04
96.95412145
97.5
0
340
97.15909091
3900
26.4
200
0
21.07142857
21.46363636
28.77583466
2350.649351
28.77583466
2350.649351
0
97.2826087
97.8709675
99.89754742
8300
1089.927184
98.12413492
10488.23529
98.88888889
97.84482759
99.91569736
1775
28.78787879
11177.77778
0
634.375
98.93617021
26.13027768
28.92857143
28.8
20400
98.7804878
99.56521739
19800
99.49748744
28.94117647
0
0
0
97.37631184
22
11566.66667
25.14
26.82539683
4488
22.15344377
0
1804.761905
28.425
0
0
28.41269841
1790
99.18367347
1433.333333
26.08695652
5775
97.87234043
99.90418871
2150
27.34021238
0
0
0
0
0
1100
98.93617021
0
128.5714286
0
23.57142857
357.9843225
23.44955744
350
98.04964539
0
28.29378985
9631.924883
98.56143567
5032.230576
98.97937258
30663.63636
0
96.700491
26.32667408
0
0
25.60603829
13400
0
97.96803951
99.07894737
3900
0
0
21.66666667
26.31865204
0
21.796875
22450
0
0
28.33333333
588.8747616
98.32502769
25.20737327
0
150
0
22.5
400
0
28.07926829
15011.11111
22.94117647
99.95617647
208344.4444
28.51599147
24.54471983
0
28.75
33650
99.20987654
22.5
972.7083333
26.50417557
0
0
0
197.1428571
24.95192308
494.2857143
0
21.4556962
2556.875
97.36532581
239.2857143
21.78947368
3772.281167
97.4175429
99.77876106
359900
98.95833333
148.6772487
98.29787234
0
28.86214448
1100
28.26462766
98.54483817
0
2753.603604
99.33405683
634.2222222
25.60532688
734.7107438
26.65841584
0
0
174.1814429
0
0
0
0
98.2421875
1160.740741
27.03
260.6060606
236.1344538
98.79931389
96.96969697
900
233.3333333
25.5
566.6666667
5145.062027
98.82740826
3102.933985
97.4980916
28.63636364
28.63636364
28.63636364
806.1337341
99.03013393
6114.039125
97.98333333
159243.9883
21.70426814
97.87234043
0
99.99094744
112900
180.420354
99.40828402
7628
98.70600414
113.3333333
0
3526.666667
23.93382353
21.27272727
385.625
1881.981982
28.92857143
23.16715611
0
28.22560976
477.3195876
24.80357143
765.9793814
26.76339286
562.0689655
25.46875
2914.818032
98.04795599
0
0
0
6680.116959
27.10194928
114.2857143
22.41666667
1007.692308
27.3336039
0
1677.834144
28.40052465
0
28.95833333
0
28.85106383
34252.85714
0
26.73913043
0
440
0
2900
0
21.16071429
895.6709957
97.56521739
99.69729399
300
191.6666667
27.42857143
200
100
98.12392796
28.28571429
3900
0
27.52747253
0
0
0
0
0
21
28.66071429
1260
98.71929825
65525
98.48888889
638.1803616
27.21535031
0
21.576
7592.307692
99.81481481
1925
650
0
23.79310345
600
0
24.27662957
530
97.89473684
0
0
25.14285714
28.97058824
1928.571429
28.09859155
0
0
23.33333333
0
0
395.2380952
417.6282051
0
0
0
99.35483871
562.5
1804.761905
28.5
25.71428571
18100
98.9010989
0
25.71428571
0
98.21428571
99.97113334
3900
0
28.11320755
98.29059829
98.08510638
1900
2916.428571
21.04901729
3333.333333
97.08737864
0
0
0
3471.428571
97.2
0
0
26.63461538
0
97.11741529
15885.30762
99.0502451
4835.483871
97.97385621
15885.30762
99.0502451
4835.483871
97.97385621
7104.502814
98.99305556
6417.241379
97.93650794
9500
98.97762346
4484.90566
97.81893004
4056.036578
99.04411765
5092.307692
97.96825397
13141.37931
99.04761905
6735.9375
98.00380952
8142.424242
99.00568182
4614.285714
97.87878788
5458.312655
98.99305556
4555.172414
97.85185185
5391.205491
99.01855469
16218.40796
98.06097561
8891.735537
99.0162037
8238.235294
98.00705467
14489.66565
99.03935185
8032.53012
98.02962963
5659.100141
99.01258681
5438.461538
97.91666667
3968.141368
98.99305556
5951.724138
97.92022792
6014.649682
99.01855469
4676.119403
97.90625
99.14383562
23900
25
100
0
4900
98
300
98.7012987
26.41148325
12674.19355
96.96969697
99.20212766
0
96.89716312
27.63991022
0
98.36690256
2600
26.39234043
1097.452229
98.29343972
99.9803619
5315.384615
25.71428571
99.98670476
3900
0
0
0
0
0
99.19354839
4100
97.61904762
129.1666667
21.27272727
243.75
21.27272727
243.75
21.27272727
243.75
21.27272727
243.75
21.27272727
243.75
21.27272727
243.75
21.27272727
243.75
21.27272727
243.75
21.27272727
243.75
21.27272727
243.75
21.27272727
243.75
21.27272727
243.75
21.27272727
243.75
21.27272727
243.75
21.27272727
243.75
21.27272727
243.75
21.27272727
725
0
25.30334458
97.02388743
124.2257651
0
0
0
0
0
28.49586156
98.99022801
9803.225806
0
386.4348255
23.76600932
1186.774321
27.66858885
0
99.4
1983.333333
98.90786517
28.08965063
6471.428571
98.55072464
1025
27
1550.793651
0
0
133.0532213
27.81818182
27.92893704
100.9225048
24.7265625
98.33333333
98.81656805
11520
0
26.25
5300
98.14814815
26.8641115
460
2900
97.07259953
10700
0
99.21568627
7154.142499
99.10726826
5209.734513
98.09583333
654.0232615
99
4587.5
97.86666667
556.1035953
98.97762346
4484.90566
97.81893004
98.96774194
28.88198758
900
0
700
4175
98.24561404
0
28.43478261
97.97979798
1775
22.94117647
34700
98.27586207
24.68800259
0
28.02
99.95179199
1775
0
0
99.85286481
1775
24.34364203
0
166.6666667
28.84407216
99.002849
1775
99.43910256
900
200
280
98.24561404
23.61380674
96.66666667
10780
98.65196078
8845.454545
98.88211382
99.09297052
26.76235465
28.18181818
1900
22.06582427
96.66666667
16220
98.87663399
10634.54545
99.06842818
24.375
97.89473684
233.3333333
200
25
500
4460
98.24561404
96.82539683
1775
97.84946237
1775
2466.666667
23.57142857
98.45559846
98.03439803
1169
97.91666667
99.97630339
44900
99.55555556
891.6666667
99.97647405
44900
27.8
12263.63636
98.75306373
9570.761671
98.96595528
99.98822098
5900
6700
98.20772059
6628.205128
98.51371951
99.1872141
99.55758769
99.55562171
99.98111965
5150
8776.190476
98.52467811
0
8845.454545
98.88211382
0
97.77482839
8060
98.34558824
7188.888889
98.62804878
26.91428571
98.93162393
63900
887.5
21614.28571
97.36842105
25.71428571
97.61904762
98.73417722
28.125
27.27272727
13400
26.25
97.22222222
63900
881.25
99.36305732
22.5
136700
98.24561404
97.24137931
7900
600
485.7142857
27.43902439
885.7142857
28.76086957
98.24561404
99.0990991
235.2380952
98.86363636
99.38886239
0
900
325
1279.032258
98.24561404
99.95917256
11900
833.3333333
27.85714286
99.76851852
1460
6474.495272
28.59597295
1125
26.32653061
1050
0
96.94736842
26.34146341
98.68131868
5900
0
100
27
98.24561404
99.97670058
47452.23881
97.89704959
533.3333333
98.93842887
7141.37931
97.61904762
609.5476662
98.97762346
4484.90566
97.81893004
596.5086227
98.97762346
4484.90566
97.81893004
686.8809846
99
4587.5
97.86666667
6230.668853
99.02161215
3959.701493
97.91207108
28.63636364
1265.651713
98.984375
4515.384615
97.83333333
28.63636364
682.8918274
99
4587.5
97.86666667
630.9770895
98.99305556
4555.172414
97.85185185
637.439791
99.0162037
4664.705882
97.90123457
28.63636364
28.63636364
1276.962776
99.03571429
4761.111111
97.94285714
948.3045619
99.01855469
4676.119403
97.90625
23.33333333
23450
98.93842887
99.98479086
140900
28.16666667
0
26.66666667
24.78947368
153.6405055
98.5044416
200
0
17235.89842
99.06881313
4933.898305
98.01346801
28.72159091
22
11900
99.0375
4770.12987
97.94666667
2374.758324
98.97762346
4484.90566
97.81893004
3667.728124
99.07142857
7808.653846
98.04660588
8302.051282
99.01855469
5074.129353
97.92307692
4484.90566
97.81893004
18251.80723
99.0502451
4835.483871
97.97385621
9161.595547
98.96875
4445.454545
97.8
0
4886.052999
97.99440559
9161.595547
98.96875
4445.454545
97.8
9161.595547
98.96875
4445.454545
97.8
21893.12715
99.07875
4988.195387
98.03466667
3556.986435
98.82741261
3715.309842
97.49840764
8530.945214
99.04017857
4783.72093
97.95238095
3466.04392
99.03935185
5104.819277
97.96296296
21893.12715
99.07875
4988.195387
98.03466667
27
99.66777409
5733.333333
2330
99.70934073
4833.333333
98.4
22.5
99.72222222
35900
0
97.91666667
0
98.64864865
35500
98.87640449
98.37837838
99.95008873
13400
0
406.8518519
0
0
27.02083333
23.99114416
28.88888889
250
99.9905303
100
2100
28.63636364
400
24
9745.454545
0
25.21518987
144.2857143
0
97.85539216
99.92592593
14900
0
28.23529412
0
24.93692178
97.91666667
26.66185666
21.44092219
930.3030303
28.30147059
1880.709349
28.4853911
731.1688312
26.390625
22.5
98.41269841
99.49494949
47900
26.25
0
23.41755319
0
99.99450074
211400
0
0
99.60715028
300
200
0
1400
99.66666667
1900
28.5
1900
28.5
1900
28.5
1900
28.5
1900
28.5
1900
28.5
1900
28.5
5900
98.33333333
5900
533.3333333
147.3684211
21.06382979
0
26.7032967
96.77419355
0
0
25
23450
98.93842887
98.86363636
0
0
0
26.25
650
0
471.4285714
99.78813559
400
0
21.68892876
0
23.82692308
0
0
99.94501718
19300
0
1277.990431
27.82291667
22700
698.245614
98.96978022
0
3900
97.40740741
11900
0
0
0
28.5
1733.333333
22700
27.53289474
99.78813559
400
1327.272727
98.93842887
5900
99.95199448
189900
28.70526316
23450
27.61146497
25.71428571
3900
0
3190.501792
28.98698328
1900
99.78813559
400
0
281900
98.93617021
337.8109453
98.4375
700
0
0
3900
0
28.97311428
97.22484695
6557.142857
98.92703863
99.9693456
181900
96.92307692
26.26017048
2271.428571
96.98795181
28.83367692
0
5605.128205
97.49598716
0
28.26923077
170900
98.24561404
24.98318693
26.28450106
28.06109384
5100
96.73076923
0
0
0
0
99.56896552
275900
98.09782609
139.7308782
98.7855612
25.71428571
3900
96.96558227
190.4435019
0
98.8179669
1432.432432
26.72619048
2809.090909
28.96875
1422.297297
176.9640479
28.81009615
2809.090909
28.96875
32471.42857
98.24561404
99.78813559
3650
11087.27757
23.74289235
0
650
98.05250305
8150
0
97.0212766
25.71428571
26.80851064
28.44949015
0
0
22.94117647
99.35064935
99.02097902
5100
0
0
96.96969697
28546.15385
0
21.66666667
0
27.5
0
0
0
0
0
0
449.131016
0
27.63986014
0
2940
0
0
97.45762712
129.1666667
629.9173554
24.61956522
544.4444444
25.34482759
1766.666667
27.85714286
0
0
346.25
0
215.3333333
0
0
327.952381
0
0
28.77855558
0
23.57142857
400
24
5000
98.03921569
19854.02299
97.66129032
21.42857143
2110
97.36048265
9500
96.875
0
21.54135338
254.6666667
528.5714286
0
0
98.93617021
0
27.91985387
97.59615385
0
60400
99.83471074
47517.78846
25.33787672
98.64864865
2634.375
540
25.58035714
353.8181818
720.5128205
97.15169271
0
98.06744913
1933.898305
27.96857143
98.16616361
0
0
26.25
0
0
27
2600
97.03703704
0
0
28.40425532
0
0
23.16666667
0
27900
28.92857143
28.26923077
22.21444934
0
96.92682927
0
5154.079254
97.96756384
99.9763202
14620
0
0
26.14035088
677.2727273
97.61904762
27.5
99.96356766
1900
21
700
0
6928.571429
28.84823848
1651.605184
28.28728527
0
0
0
0
28.94117647
60665.71429
99.83543352
60665.71429
506.0606061
24
31519.04762
98.79518072
2316.666667
0
22.9787234
3900
27.13636364
351.1062634
0
97.67691358
8071.900826
98.56644417
22.5
1775
99.25
0
27.6875
22170.27027
99.5049555
25475.75758
99.37796209
28.5242236
0
25.98997494
25.3125
100
0
21
1362.222222
28.97416413
4566.666667
123.8095238
97.87234043
500
350
0
97.02380952
2476.785714
99.22383922
275
22
109.0185824
99.52721106
26.66666667
3358.823529
98.7244898
180
0
180
0
180
0
180
0
180
0
180
0
180
0
180
0
180
0
180
0
180
0
180
0
180
0
180
0
180
0
180
0
180
0
180
0
180
0
180
0
180
0
180
0
180
0
180
0
180
0
121.8566205
99.3676324
4870.568182
98.74259848
180
0
180
0
180
0
180
0
180
0
180
0
180
0
180
0
180
0
180
0
180
0
180
0
180
0
180
0
180
0
180
0
180
0
180
0
180
0
180
0
180
0
180
0
180
0
0
6130.769231
28.88888889
400
2380
99.19354839
24
97.61904762
98.80952381
1400
98.43960839
2257.142857
96.96969697
96.77224652
0
99.46902655
21.17647059
96.77419355
24.96503497
100
27.77777778
0
100
28.2421875
0
28.88888889
926.6666667
0
24.79166667
584.4444444
100
97.22222222
28.91666667
0
27.29166667
208.5714286
0
27.85714286
24.80769231
0
203.5714286
0
99.7972973
566.6666667
0
0
25.5
2600
0
98.125
98.33333333
300
98.125
22.5
100
28.10416667
96.66666667
98.33333333
28
0
100
28.25
0
96.875
500
98.14814815
24.16666667
27.75
97.42326639
22.38245703
433.3333333
28.98144712
26.63905486
0
0
0
0
0
0
0
566.6666667
0
0
0
24
28.33333333
0
0
28.33333333
0
0
0
0
0
98.94957983
0
0
28.91154452
28.50368839
24.28571429
98.85452463
0
0
0
200
98.72340426
99.20212766
2720
0
97.83687943
27.8402455
1846.288156
0
97.10104843
2324.514247
21.92307692
22.5
96.93515704
0
98.25
98.93617021
98.93617021
99.23861733
98.65263158
2837.5
28.80319149
0
28.7712766
22.41982507
28.45326748
97.90871067
98.93617021
98.98989899
28.48484848
1780
97.87234043
26.25
98.56382979
132.5786816
98.67678861
98.93617021
0
28.71542553
98.93617021
98.63864137
99.30603891
24.45478723
28.38478899
156.4102564
27.02083333
0
97.61012301
98.36065574
24
28.32446809
27.4862463
455.5555556
28.80977394
24.96
27.12765957
28.63621166
130.7692308
26.21749409
98.81144534
98.66356383
98.93617021
22.65907028
0
26.89974561
98.93617021
0
97.36702128
98.93617021
0
0
28.33687943
98.93617021
0
28.95551257
8900
98.91252955
3002025
0
97.99601064
98.93617021
98.93617021
24.06593407
100
28.86018237
98.93617021
98.93617021
98.96907216
0
28.88659794
1988.888889
0
27.39106885
2052.941176
28.60655738
0
25.94794622
22.5
148.8888889
0
0
22.5
319.3333333
28.125
96.66666667
97.17647059
2741.666667
28.85630499
238.4615385
21.13636364
28.4154429
1656.720349
28.40944885
118.1088873
27.93103448
3740.070922
24.15462185
96.66666667
22.1150383
0
2525.26096
96.99880716
96.66666667
96.66666667
96.66666667
96.66666667
96.66666667
96.66666667
97.95918367
97.95918367
96.66666667
96.66666667
96.66666667
96.66666667
96.66666667
96.66666667
96.66666667
96.66666667
96.66666667
96.66666667
96.66666667
96.66666667
96.66666667
96.66666667
96.66666667
96.66666667
21.34615385
0
5684.291899
28.19214814
111.1986374
1873.28629
99.31340996
2139.583333
0
28.76880985
1028.571429
25.71428571
25.71428571
1510.59413
98.4
27.20141839
1142.55814
27.58562605
24.55813953
24.56482955
24.28013781
426.8817204
27.32142857
0
24
28.16947911
23.46405229
0
575
0
100
0
3711.428571
97.37631184
100
0
2675
28.64864865
691.7
26.21068587
24
40269.02655
99.9465812
11950
0
0
299.1683992
28.95833333
98.94736842
24.72781065
490.4761905
25.05494505
511.1111111
28.68421053
2025
99.97591284
95900
26.6953125
1100
98.17708333
99.99092312
230900
25.16883117
24.18921798
28.36963696
99.36507937
15800
7430.791789
98.14814815
0
0
0
28.24526421
142.4242424
0
6275
98.03921569
809.2222222
26.7004766
28.72194107
22.27066743
28.97569066
365.7709533
0
99.39903846
3200
96.96969697
3380
97.12643678
14300
22.07407407
581.8181818
98
633.3333333
25.90909091
99.97626364
4333.333333
99.49845679
20900
99.97093023
3900
99.98815716
426900
0
28.88888889
232
96.89085952
756.1320755
96.6857385
186.7647059
28.38884992
274.9991374
27.41184211
189900
98.94736842
98.94921191
26.07377727
0
27.96809211
0
357.03125
23.40064103
97.77777778
4400
99.50564657
3509.375
99.48051948
4566.666667
97.85714286
4900
0
0
98
2900
96.66666667
1500
26.25
0
250
21.42857143
3983.333333
0
0
98.71052632
98.46770778
634.6641538
0
213.9705882
0
26.43181349
25.52382359
22.0781893
26.80519481
28.88888889
2500
0
0
500
0
108.4745763
28.1184669
0
0
28.05555556
1442.857143
2036.864847
0
0
119.3455082
20400
97.56097561
0
99.88304094
800
617.9487179
98.41269841
300
119.375
26.58119658
420
25.1827957
434.375
0
0
28.41165414
99.98234278
5900
26.66666667
6233.333333
98.24561404
717.1428571
26.32867133
21.65322581
259.4202899
28.5483871
28.5
400
98.94587619
2600
0
0
1022.839506
28.1513319
23.26126126
96.96969697
4685
98.95506792
9470
99.9754424
23700
0
98.50746269
28.58823529
10100
98.03921569
962.5
27.17647059
0
99.4
173900
98.27586207
28
8700
24.88636364
28.8
2400
99.70631424
4700
2150
28.33333333
0
99.55357143
22053.84615
98.40016367
1168.227425
24.65189873
28.84615385
1433.333333
0
0
340
23.18181818
7400
28.5
26.8
837.5
753.3333333
0
0
27.10328846
1005.066667
27.5
900
0
99.98796596
8650
1147.563353
96.875
100
0
300
22.5
175
99.14070892
11900
0
98.29787234
5900
99.88317757
56900
97.66081871
22.5
99.02777778
10300
24.28514739
28
23.78293766
28.11518325
24.40559441
26.60714286
22.79598251
28.34210526
99.04761905
99.35332158
13500
98.52941176
0
98.90710383
9171.428571
28.54911869
302.2205045
0
0
27
0
980
99.98296422
129900
27.92307692
99.97540002
59300
0
0
97.43589744
6806.25
23.30001776
26.875
28.453125
15415.15152
0
25.734375
24.72527473
0
28.07692308
6012.5
0
100
98
5650
0
99.9853733
189900
28.86315789
99.57983193
25042.85714
0
99.09090909
950
1060.714286
97.7481103
142.4242424
26.81376794
293.75
97.46031746
800
0
21.09473684
0
1600
97.05882353
237.5
21.11111111
99.89583333
2300
28.39285714
0
99.0990991
99.92647059
3900
28.125
1500
27.27272727
1075.757576
0
0
97.27272727
3900
0
0
0
99.80198733
7900
0
0
0
27.85714286
1400
0
0
0
0
0
99.41964286
9900
400
0
26.63608563
97.91666667
0
27.18005148
98.26886342
0
0
0
22.99021642
97.39583333
9500
27.26151316
97.39130435
5900
21.64017718
0
0
96.875
427.7777778
99.97961432
7950
28.44230769
4344.444444
0
99.97659406
130400
98.85057471
156.6666667
263.6363636
0
0
98.75222816
45900
98.91304348
10700
99.07407407
1533.333333
28.16326531
0
0
0
28.98614588
98
5285.714286
99.71590909
36462.5
23.33333333
350
0
0
28.38076152
0
875.8653846
28.84717706
1144.444444
0
200.281294
300
0
26.62508995
0
0
0
338.1613757
23.15320755
0
24.51923077
1011.111111
27.14285714
27.71625
217.8981938
21.46177686
0
0
0
192.0289855
0
289.7435897
0
23.18181818
390
1265.05425
0
27.39012423
1127.040635
0
24.50107531
0
823.9583333
28.47801578
0
0
99.54545455
204819.4595
28.53601019
775
27.92761905
27.61764706
1247.5
27.35621521
1034.736842
27.35621521
1034.736842
27.35621521
1034.736842
0
0
99.16666667
300
0
18435.41667
99.6403282
612.5
353.3333333
23.38235294
321.0526316
0
25.33333333
1622.767857
0
271.6450353
0
0
28.05882353
0
41233.33333
98.92473118
0
0
726.875
0
0
97.4025974
3750
27.73109244
23.33333333
5675
97.22222222
3650
99.58823529
24185.71429
25.03709123
3136.42732
99.16666667
24.15584416
99.79292972
37900
97.23684211
98.87625418
1614.285714
0
406.25
28.88888889
2728.395062
28.9393278
514.3333333
0
0
130.375
99.99625986
550300
0
99.29577465
1450
0
1127.272727
28
2600
28.88888889
0
0
0
0
0
0
99.6742671
243900
98.46311475
98.35641553
28.14242627
26.25
175
0
28.96721311
99.59819488
0
476.9230769
24.44444444
98.83040936
9066.666667
8628.571429
98.36333879
99.96791577
9100
98.36065574
99.99471231
9500
0
99.88699617
378.125
0
98.35980772
99.53684211
53900
0
0
0
0
0
27.07991803
25.71127929
26.54634167
27.39220073
26.69005217
22.5
21.42857143
250
505.4945055
96.72131148
0
0
27.2557377
0
28.68355688
98.35612044
25.998527
1100
97.5308642
99.98660268
239900
225
28.58144796
99.92567938
2140
99.9162571
1900
99.97978748
119900
400
97.00925926
24.03804837
25.26415226
99.96747892
419900
97.09183673
99.98386771
599900
97.06363636
99.07550077
0
21.0907933
23.93478261
97.78726327
0
0
0
301.249505
98.42105263
25.90410402
757.1428571
25
200
25
500
24.33860532
0
0
23.50559293
27.0754717
21.64179104
328.5714286
0
3500
99.44444444
17900
22.5
27.33333333
96.96969697
3900
200
0
97.05882353
4400
26.90625
765.4545455
26.5704287
328.5714286
0
0
0
0
0
0
0
300
0
22.5
27.26256983
971.4285714
0
0
99.99109018
190714.8148
28.99378882
26.25
2487.5
27.32283465
312.5
0
27.59377212
358.3333333
99.48849105
20809.09091
196.5217391
0
28.83789063
841.1764706
22.5
0
23.33333333
27
12837.5
0
28.91414583
2775
0
0
0
25.71428571
0
0
0
0
0
200
26.92780338
300
100
0
330.976431
22.5
425
28.57142857
605
0
0
26.86450168
0
575
0
200
0
0
96.66666667
16507.14286
0
0
232.1428571
0
0
0
3050
5614.285714
98.25
99.73333333
120.4724409
0
0
0
28.27545298
23.24083442
27.81420765
0
98.35835398
21.6511966
0
185.6696429
183.3160073
28.33333333
1700
26.37562816
97.05882353
486.6666667
97.33333333
4400
28.33333333
97.5
3900
98.94223424
98.38709677
5150
0
119.7619048
0
0
98.21428571
5900
0
98.64864865
7300
0
0
104.56621
28.41346154
2376.190476
28.84615385
0
0
96.66666667
2900
0
0
98.93162393
1550
506.0606061
104.56621
28.41346154
0
0
0
0
0
0
0
693.3884298
98.046875
0
0
0
0
5525
26
25
98.75
8766.666667
11950
97.9253112
269.1227125
97.35688889
0
27.6618681
0
28.93310617
69568.75
97.84695434
99.79125841
900
304.4518547
97.41299302
99.96272436
5500
27.15370019
300
800
26.66666667
9400
97.89473684
0
0
47509.18367
97.89956491
105.4882523
24.62399506
0
0
0
0
26.875
28.02439024
12344.44444
98.21428571
407.5
24.08866995
0
25.1754386
566.6666667
0
0
0
0
0
97.91666667
4900
0
97.59615385
4025
0
0
0
0
0
0
0
0
0
0
0
98.35899598
1233.333333
103.7037037
98.18181818
108.3333333
0
4900
98
28.33333333
99.91336076
1775
0
23.9561452
156.7567568
97.56578947
700
26.25
700
26.25
700
26.25
700
26.25
700
26.25
700
26.25
700
26.25
700
26.25
700
26.25
700
26.25
700
26.25
700
26.25
700
26.25
700
26.25
700
26.25
1020
99.25986842
27.66299137
28.61538462
26.9122807
23.33333333
97.56944444
0
27.85714286
2983.333333
0
23.75
516.6666667
0
23.0477005
25.09090909
99.98251748
11900
0
0
0
0
28.92857143
520
23.32441819
27.25
99.67426333
25
0
200
28.5
119900
96.66666667
99.56490241
0
99.91188141
20627.27273
96.78362573
0
98.83889695
9066.666667
0
26.2962963
816.6666667
24.54545455
97.82674772
28
98.03827013
2166.666667
28.03921569
99.14712154
22.68777174
235.6473024
98.84615385
5500
28.92857143
0
26.25
1900
28.5
2642.307692
28.35904628
1728.205128
28.90603086
2642.307692
0
24.85380117
585.5769231
25.54927374
0
25.65
0
0
0
0
99.99698817
22066.66667
0
0
21.25289501
0
96.77419355
100
0
300
22.5
1494.414063
98.59038883
26.25
506.2222222
0
28.68421053
2173.333333
22.47632528
28.56382979
24.34936651
26.95535714
27.75
27.37444113
756.9604087
28.7704918
0
99.98670343
278900
28.60215054
97.91666667
28.83361279
21.53186398
97.79411765
99.44306931
27.82894737
263.6363636
0
97.49380355
0
0
98.8
416.6666667
99.99250615
239900
26.97272727
99.97971311
5150
27.14285714
99.57446809
400
0
98.31578947
99.84962406
94900
28.48421053
2700
28.75
28.19414479
23.74689826
100
462.5
0
0
0
99.99114575
563900
97.16312057
99.90163093
101900
0
25.88235294
2479.813665
28.87865655
0
98.53479853
2300
0
96.79487179
145.2012384
96.96969697
0
28.33333333
500
0
0
6902.573099
98.82186164
22.19471738
27.23384895
0
98.08188266
98.40236686
344.4444444
24.83380012
0
26.19414894
99.00793651
28.37740385
24
99.3880049
1422.222222
27.27272727
31900
27.39463602
0
0
24
28.46153846
98.61111111
33900
99.83076564
39900
27.9
1125.324675
0
28.73798077
2350.649351
97.85714286
3900
21.22332687
27.79153846
317.9728318
22.55238095
0
751900
98.93617021
26.43054566
0
25
1500
0
27.24405219
0
0
0
27.87857359
0
0
99.7900314
5200
0
406.6666667
96.71052632
0
25
0
9500
97.91666667
73900
97.2972973
96.66666667
100400
98.50746269
0
28.25414444
407.1534467
96.66666667
164.3207856
98.1273977
1672.487196
96.66666667
0
97.75390625
1244.927536
96.66666667
261.7202108
98.41976768
1871.609786
96.66666667
0
25
400
0
25
21.77777778
0
168.2926829
21.89199471
22.36842105
98.85057471
2300
0
23.73040752
378.5
0
129.0076336
0
28.99296675
2879.047619
21.94373402
272.3809524
0
114.0468227
22.5
27.88636364
683.8633687
26.03844772
0
22.05882353
26.66666667
3204.166667
169.3568726
0
0
0
28.12244898
1508.695652
28.13513514
1508.695652
28.13513514
2750
235.0877193
18100
98.9010989
99.77158747
22.5
780
10027.38636
28.56392303
28.59358096
2033.076923
0
0
25.71428571
98.57142857
48504.83871
26.29666501
26
27.86589815
0
0
0
0
1372.895768
0
98.96907216
582.4038462
0
0
668.90975
27.0367961
26.87925697
861.3095238
0
0
25.13942982
4300
25.3538961
23.1122449
700
21.66666667
0
98.33333333
36263.63636
98.33333333
98.33333333
26.66666667
26.66666667
26.66666667
0
24
26.66666667
25.71428571
99.60935019
9580
98.96694215
4500
27.39130435
22.2
28.99856562
600
0
27.5862069
0
0
10340
28.92720307
0
97.70409115
5834.163934
98.63113372
4775.573921
28.60156324
0
98.30508475
98.30508475
97.40346947
0
0
164.1456583
173.9130435
0
0
0
492.6773455
25.1606933
0
0
26.66666667
26.66666667
98.24561404
0
24.27966102
98.24561404
191.6666667
98.24561404
26.66666667
300
0
97.56097561
28.5750099
0
23.82504288
3921.381579
26.64294479
97.22222222
3300
0
97.07602339
800
277.7777778
22.94117647
300
22.58522727
25.44827586
400
0
0
267.3469388
0
28.37068966
0
0
0
0
27.25
257.1428571
0
951.3333333
97.93119848
1634.8659
28.00652151
24.68230694
464.1544118
24.68230694
0
588.6077217
25.42912331
25.57734375
705.5113937
26.27565789
1462.100031
27.69711249
0
182.8409091
0
0
98.71794872
5300
98.14814815
0
28.87924528
102.020202
0
4195
0
166.6666667
28.34375
0
97.71428571
3353.125
1856.923077
28.46698113
21.31221719
245.3125
21.31221719
100
97.22222222
300
265.625
25.8974359
150
0
28.33333333
148.1527094
98.12865497
98.24561404
28.68421053
0
26.4
400
24
23.58333333
2664.285714
28.10077519
400
0
28.71428571
150
98.24561404
25.55555556
0
552.5
21.26436782
100
27.57894737
0
0
0
0
27.6
2800
27.15517241
300
98.17073171
347.0588235
0
28.84615385
2800
26.89655172
0
25.71428571
600
25.71428571
600
100
100
27.2987013
0
97.08015488
3389.361702
97.13414634
300
28.40909091
2100
98.86363636
373400
98.98259705
702.6315789
1533.333333
97.95918367
400
0
300
28.45588235
21.5625
866.6666667
27.44827586
0
900
96.66666667
0
300
28.67647059
28.83445946
685.7142857
354.5454545
28.8
2800
27.79655172
226.6769073
28.30721003
3633.333333
28.546875
150
0
28.60462963
0
0
96.84542587
1982.5
0
0
98.07923169
5362.5
0
173.125
0
23.48684211
27.38482671
2800
99.98084291
20200
22.72727273
0
0
96.66666667
300
1550
0
28.89140271
116.0864346
102.2222222
99.80769231
51900
27
0
2800
28.70689655
604.3733333
0
28.9664311
2802.564103
28.9664311
2802.564103
335
0
26.36363636
650
26.67
0
163.6363636
26.37931034
1150
28.61344538
24.375
300
24.54545455
891.6666667
27.78151261
98.24561404
0
0
0
26.35344828
25.74468085
836
0
0
26.35258359
836
0
0
22.5
96.875
25.71428571
500
503.7037037
26.68711656
26.66666667
28.5
1900
5300
100
27.71267361
0
21.87969925
269.4444444
21.87969925
269.4444444
0
96.68674699
0
0
27.73660714
98.42105263
8185.714286
98.79310345
23.33333333
350
511.1111111
25.09090909
0
27.07317073
22.5
200
0
0
0
0
0
0
21.11650485
337.2505346
28.36909347
151.7241379
0
655.1724138
26.02739726
22.75862069
25
26.72131148
0
122.2222222
1932.5
28.52398524
136.25
0
725
26.36363636
5400
27.83181818
2993.333333
28.49137931
98.66962306
6028.571429
25.00699301
0
123.951049
300
27.36270492
23.28671329
346.875
27.06293706
189.2156863
24.54661017
0
0
98.21428571
300
900
25.16129032
26.07272727
24
860
27.1875
97.91666667
0
28.81560395
273.0994152
21.95924765
659.0643275
25.55084746
98.07692308
24
920
27.35294118
98.27586207
98.27586207
0
0
28.5234375
97.88359788
4300
97.72727273
4625
113.3333333
0
5233.333333
98.125
753.3333333
26.484375
98.58156028
0
97.36842105
3657.142857
97.74397972
0
0
0
221
1239.563863
28.60465116
0
0
27.75312416
0
114.375
198.5422741
0
133.2361516
0
0
114.375
4308.163265
97.73148148
150.728863
25.81395349
185.8333333
97.19298246
98.24561404
98.24561404
25
26.31578947
98.24561404
28.12261995
135.2941176
0
98.24561404
379.7660819
25.8313018
0
645.6140351
28.07205882
0
366.5959703
23.57045455
0
0
26.44736842
24.892897
300
27.76022086
0
0
21.06696429
2367.348544
28.35267857
0
4566.666667
98.21428571
207.5
919.5121951
27.44816587
0
0
139.5955882
23.73945067
446.1805556
815.4481882
0
27.1345515
402.173913
22.72727273
100
150
1900
100
100
98.24561404
98.24561404
25.3125
100
28.77192982
100
0
0
97.0703125
119.0740741
151.0566357
0
23.15300085
4300
27.01262626
447.7599324
99.00645516
0
1625
26.8115942
290.9090909
98.27586207
27.83675316
22.44791667
303.4482759
0
2695.294118
27.33445567
0
25.2
140
26.875
2523.076923
0
0
27.15789474
955.5555556
0
111.1111111
99.06017391
1100
0
21.17305459
740
97.61904762
2618.75
0
138.6363636
99.98006398
4550
0
2971.428571
26.06976744
99.40828402
2900
463.3333333
437.305952
24.37175173
22.0754717
270.8333333
27.30337079
200
0
7650
22.25806452
28.5
96.66666667
2900
1012.5
99.08980475
160.8695652
0
98.38060283
1975
28.55421687
99.92443539
209.7826087
300
300
0
250
514.2857143
0
300
28.43478261
98.62297253
53900
28.46153846
300
0
0
28
6910
26.95243059
22.62759924
306.9230769
27.42857143
300
933.3333333
21.61290323
27.1875
21.61311858
0
22.89314285
99.41413646
1700
22.5
900
24.90566038
614.2857143
28.44810212
0
185.7142857
155
27.47846488
400
24.5373847
0
97.42647059
614.2857143
905.5718954
28.86586576
614.2857143
0
98.10606061
5900
257.8947368
28.54411765
21.88679245
1290.909091
257.1428571
0
0
0
100
700
27.5
24
0
21.46209365
97.69410917
636.1111111
1275.471698
27.57575758
205.5555556
0
0
446.1302349
28.44755998
27.75891341
1252.380952
862.2405486
27.50637007
208.1664099
0
0
366.11387
28.05801283
26.68427469
566.6666667
1274.107143
27.54385965
200
0
0
675.4535097
96.91028424
28.51556265
3442.857143
1188.306452
27.77256129
244.2622951
21.28571429
0
26.66666667
0
22.5
0
8857.142857
98.88357257
0
0
8911.857708
98.89035088
22.5
0
8742.307692
98.86907351
0
22.04678363
9420.786517
98.94966661
0
28.23529412