500
33.33333333
1100
36.66666667
1700
37.77777778
500
33.33333333
500
33.33333333
1100
36.66666667
1700
37.77777778
1700
37.77777778
1700
37.77777778
1900
38
1700
37.77777778
1700
37.77777778
1900
38
0
36.47058824
0
0
0
0
0
0
0
36.47058824
0
0
0
0
0
0
1700
37.77777778
1700
37.77777778
1700
37.77777778
500
33.33333333
1100
36.66666667
870.5627706
99.37555754
1900
20300
99.50980392
5900
1700
37.77777778
0
3005.555556
99.64221825
1550
37.57575758
1550
37.57575758
1550
37.57575758
1700
37.77777778
0
33.33333333
0
33.33333333
500
33.33333333
500
33.33333333
100
33.33333333
0
34.28571429
0
500
33.33333333
1700
37.77777778
38.39433294
233.3333333
30
300
35
242.8571429
37.77777778
1700
37.77777778
1700
37.77777778
0
33.33333333
1700
37.77777778
1700
37.77777778
500
33.33333333
99.73901406
11733.33333
99.85915493
1100
2530.166667
99.6831633
31462
99.6831633
1700
37.77777778
1700
37.77777778
1700
37.77777778
1700
37.77777778
1700
37.77777778
1900
38
34.14634146
483.3333333
33.14285714
0
0
870.5627706
99.37555754
1900
172.5517241
99.56140351
6400
0
97.39583333
31.11111111
350
237.7777778
28.15789474
36
5200
98.11320755
500
33.33333333
177.7777778
34.23809524
0
0
5974.442105
98.35375828
0
350
0
130.4444444
0
0
379.338843
31.65517241
1966.115702
37.14666667
0
29.78588422
0
98.46153846
0
99.12769489
0
217.7083333
6527.612088
99.50529867
0
0
0
0
210
0
0
0
0
4462.5
34.52054795
32.88888889
0
301.0416667
28.91774892
260.9375
28.91774892
0
0
260.9375
28.91774892
260.9375
28.91774892
0
301.0416667
28.91774892
260.9375
28.91774892
0
410
31.28540305
344.6666667
31.00449775
359
31.28540305
260.9375
28.91774892
0
394.0740741
31.90404798
301.0416667
30.02597403
301.0416667
30.02597403
97.43589744
3900
97.1875
0
125
0
0
212.5
0
36
28.49243415
34.66666667
0
33.33333333
366.6666667
0
0
1550
98.18181818
0
0
266.6666667
30.94949495
28.57142857
0
0
8731.210191
98.72610891
0
170
30
1988.888889
38.08510638
100
0
100
0
32
2400
0
134.2857143
32.68292683
33.5
2361.538462
38.375
2521.648072
38.4742422
31.79487179
34.28571429
0
98.9010989
1366.666667
37.27272727
397.4452907
0
37.33333333
668.4322034
37.55996691
0
0
417.8571429
0
38.45938375
18476.27119
34.83211679
0
36.28828168
0
1153.066403
36.80783078
0
0
352.3809524
0
0
4028.045867
38.01388889
0
0
0
0
103.5002035
0
0
0
0
38.4726995
2519
38.4726995
2519
98.27586207
99.15254237
34.92063492
400
0
98.30508475
99.66329966
32
150
1100
0
254.5454545
0
0
0
0
0
140.6015038
0
2666.917293
38.55434783
260.9022556
28.91666667
0
0
140.6015038
400
33.14285714
0
0
0
0
0
1207.142857
36.93989071
0
0
33.33333333
2750
36.7251462
430.3571429
33.53535354
0
206.4285714
0
0
177.5510204
0
31.59090909
0
0
676.4705882
115.6565657
37.61124122
0
10100
97.66339869
462.619199
2433.333333
353.9487462
99.76811665
9400
38.10526316
2033.333333
0
36.59793814
0
35.6043956
725
0
997.1428571
36.35416667
894.2857143
35.97701149
2063.428571
38.15108294
33.14285714
575
34.07407407
575
34.07407407
483.3333333
33.14285714
575
34.07407407
483.3333333
33.14285714
483.3333333
33.14285714
483.3333333
33.14285714
490.8513846
99.02952085
7409.375
97.5031211
12716
99.32376196
938.4615385
28.05333333
38.24772312
37.00689927
99.5412844
65900
36.66666667
1688.143251
96.69699282
0
31.65362546
274.8197115
0
224.84375
35.07455507
712.109375
35.07455507
3500
30.64869281
713.1661716
98.90410959
1127.777778
0
35
0
101.9919623
429.9512468
0
30.90518271
971.6210148
36.05492256
36.81964012
1263.095238
37.06550218
1263.095238
37.06550218
1157.719298
36.81964012
1263.095238
37.06550218
1263.095238
0
99.46994002
18765.78947
34.16934021
586.0287081
34.16934021
32.24621943
171.3642473
0
38.48275862
0
0
0
725
0
35.83333333
860
3256.800766
97.4398987
4449.090909
97.44204636
35.83333333
725
0
0
0
0
580
34.11764706
37.33333333
900
0
28.68686869
34.28571429
250
28.57142857
250
99.375
600
8360.78253
97.2646907
98.85057471
0
560
0
0
37.44680851
0
0
150
0
2450
38.43137255
150
32
400
32
400
98.12414842
0
0
0
3785.714286
97.42647059
204.7619048
1971.428571
33.93103448
0
1500
0
98.33333333
400
0
0
0
0
99.12280702
0
340
0
0
0
0
0
0
0
219.1176471
99.53917051
100
0
100
0
100
0
100
0
100
0
233.3333333
28
233.3333333
28
233.3333333
28
100
0
0
0
100
0
100
0
34.28571429
1325
34.13333333
28.51674641
248.3333333
28.51674641
2025
38.11764706
290.9090909
35.73643411
838.1818182
35.73643411
838.1818182
0
0
0
9849.333333
99.24953096
489.2857143
33.21212121
37.14285714
0
0
0
4820.32967
97.96761586
0
225.7142857
0
0
0
0
0
0
0
0
100
37.5
0
2805.215827
98.72642853
33.24324324
492
356.0810811
31.22962963
0
0
37.4213198
901.5748031
0
0
269.1118083
96.95326315
0
33.01155497
439.6825397
38.03921569
1940
28.23529412
240
1248.039216
37.03272727
0
0
36.07843137
920
36.07843137
21901.73077
38.47539046
1066.666667
29.71428571
0
97.56756757
0
527
36.81020734
3984.736842
0
0
256.1069958
179.2544748
0
0
38.41269841
3620
37.3046595
0
15638.66667
99.36462216
433.3333333
207.5
0
1622.710177
0
0
1191.034483
0
38.46153846
98.38709677
4850
97.97979798
0
0
2500
4600
0
34.11764706
34.66666667
650
34.66666667
650
0
0
2280.826737
38.33099372
752.5896414
36.13707165
219.3548387
0
0
0
0
0
219.2851824
0
28.38421445
0
0
1652.866242
37.71802326
0
0
0
1014.16309
36.42270159
98.76149334
0
34.93727599
6088.495575
0
32.5
98.00884956
0
99.16666667
7455.555556
2772.058824
38.60727087
1217.013575
36.71108113
13454.44444
99.26223461
0
0
36.903229
515.8940397
33.50537634
0
9565.680473
98.96541169
98.27586207
98.38709677
940
36.15384615
2800
99.08045977
375
0
0
0
0
0
220
0
2193.333333
97.6744186
35
166.6666667
0
0
0
98.27586207
5361.633493
99.45216896
323.75
97.05014749
2622.222222
0
0
0
0
0
2366.666667
38.55472973
0
0
143.5714286
0
0
33.07142857
0
0
0
0
38.42105263
9729.869281
98.7340173
135.7142857
31.81818182
470.3703704
0
0
391.6666667
98.30508475
11900
37.33333333
125
1855.555556
37.95454545
31.66666667
380
31.66666667
0
0
37.27272727
200
411.1111111
32.17391304
466.6666667
32.94117647
0
0
0
0
0
32
400
0
0
359.2592593
0
97.10526316
27433.94495
37.67559643
186.4583333
33.01818182
330.46875
149.7277677
0
2049.969231
38.03882282
0
152.2167488
0
152.2167488
0
1539.408867
37.56009615
110.180624
0
32.1182266
407.5
32.1182266
540
0
916.9491525
31.33333333
1218.540925
36.26626915
37.5
316.1290323
0
37
200.6060606
1683.783784
37.46823069
34.10714286
578.7878788
0
0
0
0
238.2173382
32.11552347
0
11577.05474
99.40683613
0
178.0208333
33.25590109
498.1538462
163.0315501
0
1705.737185
38.57712236
0
285.4014599
29.62121212
0
1088.019129
97.45762712
4900
37.35133333
0
231.0833333
0
0
194.375
31.28096249
358.7662338
31.28096249
250.6493506
0
6178
98.93809069
150
0
0
34429.88827
99.71039582
337.6666667
30.86062452
337.6666667
30.86062452
5843.816698
98.31757934
37.22222222
1335
0
0
140
31.11111111
350
31.11111111
98.24561404
0
99.67105263
220
7000
99.43661972
7000
38.5915493
0
671.4285714
0
98.88888889
191.6666667
0
0
3766.666667
99.48275862
0
220.625
0
0
0
400
32
3224.902869
38.39281019
0
0
0
0
30.47619048
320
30.47619048
5700
36.45320197
0
99.23115079
1150
0
0
1400
32
1900
930.1403509
98.01310217
400
33.14285714
0
0
0
0
6000
98.36065574
0
0
0
37.72727273
940
36.15384615
9340
98.94067797
0
0
0
0
0
0
0
0
0
0
0
0
32
300
32
0
700
31
301.5531892
97.02662722
35.73333333
2733.243119
0
29.29659728
0
38.27027027
0
30.58823529
220
20212.5
99.42307692
29.33333333
0
4400
29.52380952
0
211.1111111
0
918.5185185
36.07272727
522.2222222
31.85185185
38.44155844
2525
38.47619048
2525
38.47619048
2466.666667
38.44155844
2525
38.47619048
2525
0
38.44155844
2466.666667
2300
0
38.46153846
8966.666667
98.56440571
357.1428571
31.11111111
0
37.13572268
5446.666667
98.07692308
0
31.46666667
4600
35.31914894
0
138.1996234
98.13415136
530
33.65079365
530
33.65079365
530
120
98.25174825
345
97.37827715
1385.714286
98.07692308
100
0
143762.201
98.70246204
419.1071429
32.29446164
419.1071429
0
36.57534247
1172
37.53668763
226.8085106
30.84821429
30.89430894
339.2857143
33.17073171
0
900
37.33333333
1400
653.3333333
34.69026549
693.3333333
34.95798319
96.66666667
300
650
34.66666667
650
1200
98.65384615
407.9365079
36.25
110
433.3333333
454.0332512
0
0
0
0
0
0
600
0
37.5122028
200
670.5555556
35.52271089
0
0
37.94871795
0
36.66666667
300
0
6306.842105
97.18113859
909.9667774
97.53289474
31.11111111
350
31.11111111
0
802.8571429
97.0464135
0
32
0
36
98.83886016
0
0
99.72527473
51356.95364
36.71570142
29.27680603
840.2294708
37.6124031
0
329.6675192
1024.092675
37.47453461
0
916.2994627
36.0641522
0
0
32.56965944
6033.333333
0
0
99.78723404
1942.857143
0
0
0
0
30.15384615
35
116.6666667
0
116.6666667
0
0
2825
38.63247863
983.7762238
36.70573329
10670.83333
99.07156673
0
0
2825
38.63247863
983.7762238
36.70573329
10670.83333
99.07156673
0
0
2772.058824
38.60727087
1217.013575
36.71108113
10667.77778
99.07130327
0
0
2558.139535
38.4951881
1306.511628
36.75324675
10643.33333
99.0691902
0
0
2766.776316
38.60470453
901.6447368
36.7816092
10814.28571
99.08376963
0
0
1030.769231
36.46258503
0
2801.315789
38.62131519
1124.232456
36.73981191
14288.46154
99.30499866
0
0
1078.04878
36.60455487
98.88888889
5750
2686.324786
38.56441718
1368.2861
36.95187166
10655.55556
99.07024793
0
767.5065492
702.4244794
0
2618.75
38.52873563
1281.153846
36.74185464
10650
99.06976744
0
0
2686.324786
38.56441718
1269.625247
36.75998464
39977.0416
99.75048058
228.8135593
0
99
6312.5
2722.612086
38.58287293
1337.980917
36.92403487
17894.87179
99.44428612
33.84615385
99.23076923
8000
2751.851852
38.5974026
960.4288499
36.95187166
20234.72222
99.50823031
100
0
0
208.5714286
0
362.8571429
31.35802469
2231.428571
38.28431373
1280.952381
36.81586207
11783.04094
99.15846457
0
1031.313131
36.46428571
0
2562.5
38.49765258
917.6923077
36.78416821
14543.75
99.31711481
0
0
98.88888889
8900
0
2696.568627
38.56967572
1387.109084
37.00497992
577.9661017
34.1
0
7963.241107
98.75980392
1006.719368
36.38571429
0
0
0
14042.85714
96.96969697
11766.66667
99.15730337
0
32.36363636
31.91501579
99.37432628
0
30
500
0
35.13646679
36.25468165
0
97.56416575
33.33333333
37.5
98.92473118
1271.446488
32.07437891
36.76
6616.049383
98.51102941
0
34.58883228
0
30
0
184.959276
0
184.959276
0
184.959276
99.63302752
6600
613.7764784
97.11174685
1118.461538
6300
0
98.46153846
96.875
25349.6318
97.14632414
3944.75043
97.52765957
140
0
0
30.27027027
35.55555556
800
0
0
38.5
150
700
0
0
99.85507246
40014.28571
2993.660969
96.76758375
1027.305443
36.6042365
254.2589216
28.70882353
0
254.6453546
28.72112676
0
10019.10549
99.01177036
0
0
0
98.88888889
5788.888889
2600
38.51851852
929.59285
37.0697338
10436.58537
99.05092593
0
0
2558.139535
38.4951881
1306.511628
36.75324675
10643.33333
99.0691902
0
0
100
0
700
0
14150
38.59649123
98.93617021
100
500
0
167.8571429
144.4444444
98.93617021
100
98.93617021
100
29.72582139
99.48193543
300
12275
0
37.994
1216.051844
36.65013774
98.93617021
100
320
96.82539683
37.8713969
400
100
0
98.93617021
100
1400
0
0
98.93617021
100
98.93617021
100
0
0
30
2015
0
37.14285714
9300
98.93617021
0
200
0
0
0
0
99.10714286
0
150
0
97.43589744
5400
98.18181818
1100
266.6666667
96.96969697
185900
98.92473118
38
1900
99.11504425
38.47619048
28.15783
99.21585028
0
167.8571429
966.6666667
97.5
300
237.5
0
0
0
0
0
300
30
0
0
36.44444444
1100
36.02484472
38.62857143
0
0
0
33.07692308
6857.580418
30.80139989
37.77777778
326.6666667
0
0
28.73170732
0
36.20338983
1480
415.6799539
35.31108426
98.00569801
4914.285714
154.2735043
0
97.2972973
1900
35.12195122
1100
38.33333333
98.28336557
3866.666667
38.31932773
6700
36.8627451
0
0
97.52747253
3944.444444
36.1423651
0
34.2547828
238.7212644
28.40175731
0
4528
33.77700951
36.66666667
11500
97.84482759
0
0
98.27586207
13348.27586
98.71794872
0
2558.139535
38.4951881
1306.511628
36.75324675
10643.33333
99.0691902
0
0
2558.139535
38.4951881
1306.511628
36.75324675
13026.66667
99.23819198
0
0
0
2774.80457
38.60860107
937.0014031
36.39554662
241.8275418
28.29819277
0
0
0
241.5966387
28.2902829
0
8642.857143
98.85620915
0
1095.061728
36.65289256
0
2693.209877
38.5679558
1242.592593
36.79474548
10098.77049
99.01948965
0
1021.478873
36.433281
98.88888889
5788.888889
2667.924528
38.55487389
1260.580552
36.73229996
10655.55556
99.07024793
0
0
2558.139535
38.4951881
1306.511628
36.75324675
10643.33333
99.0691902
0
0
2662.068966
38.55181024
942.7586207
36.75324675
10643.33333
99.0691902
0
30
0
2728.125
38.58563536
972.6704545
35.92139414
214.2857143
0
528.5714286
0
0
0
8394.520548
98.82277052
1021.917808
36.43467643
98.88888889
5728.571429
2627.941176
38.53369272
954.4955324
37.20803213
10063.17016
99.01605505
0
938.961039
36.15
34.11764706
32
320.5607477
98.33333333
0
0
34.66666667
99.8152545
17423.87273
139.9014311
97.1455771
0
0
0
144.5449975
98.75440658
35.16981132
728.125
35.16981132
728.125
109.0618337
0
0
0
175.2013635
0
97.64705882
0
38.54545455
0
97.05882353
98.7654321
98.49915361
0
1997.777778
38.09322034
30.32098765
313.2653061
30.32098765
98.94813589
0
0
9810.838663
98.99100365
31.69499757
381.6374269
31.69499757
97.82543038
0
98.99965565
0
4539.260401
97.844484
0
0
0
0
28.44444444
30.05217391
99.62264151
11375
2889.106754
38.66180758
1191.503268
36.7611336
233.3333333
28
0
0
36.76767677
773.90625
35.42284999
773.90625
208.09941
0
271.0917219
34.1558087
13213.7931
99.24889925
0
33.13304721
30
52566.66667
98.97151899
1723.636364
98.74920692
0
0
0
99.16666667
7455.555556
2772.058824
38.60727087
1260.090274
36.81524757
584.4444444
34.15584416
0
0
0
12611.11111
99.21328671
0
38.0952381
900
99.03846154
7820
30
316.6666667
0
0
29.7515528
0
0
37.57575758
3900
0
0
38.48221344
1560
0
0
0
0
2558.139535
38.4951881
1306.511628
36.75324675
10643.33333
99.0691902
0
3058.043997
98.87014237
1114.798206
36.70727206
0
2924.834437
96.69403394
981.4857041
36.35649613
0
589.3617021
2475
99.43264563
34.22459893
1119.340378
36.71953782
98.27586207
98.27586207
98.88888889
5728.571429
2696.568627
38.56967572
1282.08061
36.8
10079.31034
99.01761518
0
1011.764706
36.4021164
34.34916797
98.88888889
5728.571429
2696.568627
38.56967572
1310.135002
36.84149279
516.3328197
0
0
146.5331279
5000
98.8002451
1044.024515
36.50357143
0
2688.906009
38.56574586
1234.123504
36.69687278
9774.125874
98.98725212
0
99.54545455
13011.11111
2905.084746
96.67230682
1003.937419
36.68367347
10683.33333
99.07264297
0
98.5
441.6666667
98.5
441.6666667
34.608312
0
2742.857143
38.59296482
1138.282209
36.47605664
528.5714286
0
0
34.28571429
33.33333333
5942.307692
99.02783404
0
97.87852886
1091.474554
449.5582652
0
698.7742594
34.99232737
0
2293.089431
38.32852047
823.1310322
36.03388199
0
583.8559814
0
28.30163043
0
0
97.69181789
2506.896552
98.61111111
7100
0
241.902109
28.30074488
33.71587744
536.5248227
0
8042.991507
98.77195009
99.89641778
94691.66667
412.7032967
32.19821674
0
203.9751553
125.4072042
0
701.056338
35.00659341
0
2732.352941
38.58774663
960.4524887
36.73229996
11526.38889
99.13988771
0
99.54545455
13011.11111
2905.084746
96.67230682
1003.937419
36.68367347
10683.33333
99.07264297
0
3900
28
3833.333333
97.45762712
0
0
98.7804878
654.2857143
34.6969697
654.2857143
34.6969697
604.7619048
34.32432432
604.7619048
34.32432432
604.7619048
28
33.33333333
100
175
38.44155844
0
200
98.31356393
29.33333333
37.92682927
0
98.79518072
300
0
31.01369466
37.43589744
2846.666667
35.87179487
0
36.02777778
0
36.02777778
0
37.11538462
35.55555556
99.96916895
4400
97.77777778
4400
1388.888889
36.61028192
6560
37.62162162
0
34.5
133.1818182
98.88888889
2220
98.27586207
98.21428571
97.33333333
3650
0
37.77777778
98.78378378
0
7200
99.5890411
1261.111111
37.06122449
733.3333333
172
38.23529412
733.3333333
35.2
733.3333333
172
38.23529412
733.3333333
172
0
172
0
172
38.23529412
1400
38.31892697
0
507.9787234
99.56255468
28830.06993
36.76066163
0
98.26839827
5757.142857
0
0
1932.729881
37.40373435
1300.701992
37.14428906
207.8446731
0
700
380
337.8947368
99.52423878
233.3333333
28
233.3333333
28
233.3333333
28
326.6666667
30.625
326.6666667
30.625
326.6666667
30.625
233.3333333
0
0
28
233.3333333
28
233.3333333
30
97.82608696
98.35164835
99.74362611
10500
0
0
38.51851852
10765.7337
38.15935117
32
2371.680672
31.78696495
510.8374384
32.90322581
0
36.27039627
725
37.57575758
6900
36.85714286
341
0
0
97.71232485
700
446.40625
0
214.88006
0
0
0
0
36.49758454
600
34.28571429
1000
36.36363636
3800
97.43589744
1042.068966
36.49758454
1042.068966
36.49758454
300
30
3330.177515
97.08469898
100
0
1700
37.77777778
1064
36.56357388
1072
36.58703072
5914.814815
0
32.4130364
35.51629139
774.3944228
33.2972973
0
774.3944228
35.42540541
0
33.33333333
99.46998755
891.6666667
35.96638655
98.27586207
35.24193548
5980
98.35526316
287.5
132.2580645
35.83333333
34.66666667
650
34.66666667
650
31.30434783
36
0
8600
98.85057471
11500
98.27586207
0
97.35449119
2177.807487
0
0
494.9871887
35.60706431
0
31.33333333
3828.445474
97.40688373
0
96.80851064
97.17695257
36.52173913
0
38270.0495
37.1664821
2180.645167
38.24611033
32.27388861
417.7248677
157.5370465
0
194.3280531
0
727.7976495
97.77777778
443.6111111
0
0
100
292.5
98.40764331
0
4114.285714
97.62711864
99.17012448
100
0
100
0
0
35.56761646
37.81818182
1733.333333
37.81818182
1733.333333
287.5
30.32258065
113.3333333
0
6300
97.1875
5600
98.24561404
100
0
6800
98.55072464
800
35.55555556
1300
4400
98.88888889
20400
99.51219512
200
37.64705882
2900
34.66666667
30
34.28571429
0
0
8700
98.86363636
98.7804878
99.49238579
8900
98.88888889
30
0
8700
98.86363636
34.35294118
0
30.625
860
35.83333333
3281.21547
38.55709051
29.06832298
265.9090909
30.0621118
311.25
0
38.41726619
3063.636364
96.83908046
9000
180
98.9010989
98.32380952
98.25174825
5620
500
98.07692308
0
8700
98.86363636
8243.75
0
37.05005562
0
0
3829.399368
98.93961741
374.7252747
0
0
1146.65404
36.79141135
32.87037037
461.038961
0
0
206.25
0
155.2083333
0
98.27586207
308.3333333
150
38.15384615
0
344.4444444
0
0
5142.105263
98.09236948
0
0
0
0
0
38.64316239
4880
97.99196787
0
0
0
0
0
97.89473684
100
3385
97.13055954
3100
96.875
31
0
0
0
0
0
1050.684932
36.52380952
146.5753425
0
96.66666667
96.66666667
98.88888889
662.5
35.08196721
113.3333333
0
5233.333333
98.125
860
35.83333333
0
5400
98.18181818
98.27586207
965.2244435
98.81622223
0
0
212.3595506
38.41726619
3063.636364
96.83908046
15500
99.03846154
10400
98.94179894
2930
96.69966997
0
0
98.7804878
1500
35.42857143
8600
98.85057471
37.27272727
35.29411765
36.25
9400
99.22807018
4304.545455
36.50773994
1699.054374
37.77660972
526.8058839
33.61843897
0
35.95238095
0
0
0
0
14250
0
36.6064623
0
0
9680.859917
98.24730573
37.5046492
0
10308.68538
98.39823218
98.96405263
1466.666667
37.44680851
35
700
98.13278008
3944.444444
97.52747253
36
0
205.4545455
38.33333333
0
100
9100
99.86413043
700
98.20872929
29.33333333
2484.914596
0
3312.5
34.66666667
98.60966953
0
33.25998036
96.79633028
0
494
0
0
0
37.91304348
0
0
100
4167.123288
0
37.35772358
4773.846154
30.3030303
36.61458333
15666.15385
99.3657299
133.8461538
0
569.8039216
34.02810304
569.8039216
35.37888926
0
470.6031746
34.57549794
0
569.8039216
34.02810304
569.8039216
35.37888926
0
498.6904762
0
0
33.31875124
32.38095238
0
498.6904762
33.31875124
32.38095238
232.2291022
31.1285062
350.8823529
31.1285062
350.8823529
0
592.0454545
35.83842365
0
0
0
382.1428571
0
32.22222222
34.28571429
25569.23077
99.61042853
26180
30.05580923
37.14285714
31.42857143
366.6666667
1502.857143
37.50445633
245
38.51851852
97.01696438
0
0
99.51910232
21837.5
0
2004.504505
38.09931507
38.4054878
0
0
4676.923077
97.90660225
33.52941176
32.72727273
0
6263.636364
98.42857143
0
0
0
35.5359113
102.4096386
0
5639.759036
98.25776658
96.882494
3469.230769
1400
0
98.4375
580.5555556
30.08163265
0
375.2
0
0
5202.793448
97.45281974
0
0
0
0
0
2029.166667
38.12133072
0
0
0
36.89716312
780.4571429
36.33956386
0
193.75
240.4255319
28.25
38.18439716
2103.125
208.6524823
0
536.1054767
33.25892857
0
35.8974359
1736
34.98910675
6095.652174
34.84631579
0
494.1901408
32.88888889
31.11111111
0
4907.407407
98.00295858
37.22222222
1340
37.22222222
0
0
0
0
34.81081081
733.3333333
100
0
97.43589744
4900
6900
98.57142857
0
0
0
849.6230159
96.8575667
0
0
0
0
0
97.22222222
3900
470
33.68421053
33.33333333
142.4242424
0
6748.484848
98.53982301
38.57142857
3766.666667
1000
0
0
0
0
36
1533.333333
38.16326531
0
98.50993902
0
6305
99.60967994
14112
97.36138475
7900
98.33333333
32
1070
0
0
3664.600551
37.92806703
98.66666667
34.28571429
33.33333333
415.2542373
99.67105263
300
32.80513919
30.31746032
1493.442623
37.48971193
883.6065574
35.776
2326.136364
96.91176471
32.38095238
166.6666667
125
0
98.46153846
98.88888889
34.28571429
5400
98.18181818
0
0
0
1066.666667
0
97.25375934
38
2733.333333
22305.49188
35.98393781
38.22186361
1911.764706
187.7192982
0
38.22186361
38.58823529
63205.55556
99.84203598
63205.55556
99.84203598
63205.55556
98.52941176
2700
98.21428571
5100
36.92307692
0
0
98.93617021
100
0
266.6666667
96.96969697
0
0
4353.125
97.89473684
0
3724
97.38493724
0
0
32.72727273
4800
97.95918367
8266.412214
97.55968674
0
35.84415584
400
0
1139.072165
38.06306681
0
3540
34.78021978
31.57894737
6460
99.3902439
400
32
1100
891.257732
36.77177802
0
100
37.5
400
32
7900
98.75
1300
4200
97.6744186
6400
98.46153846
700
0
98.26490815
0
35.75757576
842.8571429
1013.636364
36.40816327
191.6666667
0
934.0909091
98.07692308
402.8571429
433.3333333
98.27586207
98.71794872
9775.776398
1012.5
28.97378277
36.92028986
28.70588235
254.1666667
0
267.5
97.95918367
37.14285714
30
0
97.05882353
15712.5
97.8972332
5191.353383
97.42451155
0
1164.197531
36.3671875
36.55913978
1158.888889
36.82259488
1158.888889
36.82259488
1158.888889
36.82259488
1158.888889
36.82259488
1158.888889
0
0
36.55913978
1062.5
36.55913978
99.09842562
306.993007
32.43986254
0
34.28571429
511.1111111
650
34.66666667
37.41465814
97.27891156
0
37.53017803
0
37.77912376
98.54077253
34.76842105
2888.461538
32.19219219
0
32
18900
99.47368421
337.5
0
98.24561404
5150
98.0952381
926.6666667
36.1038961
926.6666667
36.1038961
954.2857143
34.30894309
602.8571429
34.30894309
602.8571429
0
33.46938776
35
0
0
0
32.5
0
0
2078.796343
96.87066584
3557.142857
0
36.61458333
38.34710744
32
300
0
4372.049689
97.5
0
37.14285714
700
29.33333333
150
5876.744186
339.4811933
99.74619289
300
30
835
35.72192513
835
0
133.75
31.01604278
252.3809524
0
0
150
0
25500
98.2421875
35
6600
37.31343284
1411.111111
37.35294118
0
0
0
99.64835165
12700
37.63020833
32.63157895
34.28571429
98.4375
3250
98.50746269
34.55782313
98.51941921
36.92307692
26700
0
38.50746269
36.41791045
31.25
30.47619048
3320
97.07602339
35.58823529
8400
37.88235294
5300
98.14814815
97.73333333
35.29411765
750
223.5294118
0
0
99.13305415
566.6666667
0
0
7960.606061
38.55793329
0
139.7435897
1047.058824
36.51282051
0
0
220
241.8803419
38
7100
0
1361.406501
38.41151071
28.92307692
98.95229186
36
900
36
900
36
900
36
900
920
0
743.75
34.94320988
900
37
0
0
2409.52381
31.89753321
237.5
99.30555556
1900
900
0
30.9
0
147.6190476
900
97.30769231
900
97.5
6900
28.47619048
371.4285714
96.96969697
4900
33.42
1766.666667
37.85714286
900
38.4
900
0
34.66505718
126.4567799
0
36.06701271
126.4567799
0
29.6969697
36.81818182
300
102.5
640.7407407
34.6
0
37.03703704
10733.33333
35.01538462
0
480.5724589
0
0
36.26262626
30.39215686
99.22375266
36.8
29400
99.83050847
400
8268.75
36.313864
156.4102564
0
0
31.0140625
96.96969697
32.67734554
0
0
455.5555556
0
0
0
37.0293391
130.7692308
0
35.84329897
0
33.33333333
0
37.39952719
990.9090909
0
392.3076923
30.1
36.36363636
97.43457114
1560
0
0
36.36363636
0
0
36.07843137
8900
35.91111111
0
309.731114
32.465
900
36
36.29923341
35.49019608
29.56521739
1000
0
900
36
900
36
0
0
150
200
0
0
99.10076043
768.9655172
35.3968254
4075.212718
97.60491245
10965.84781
99.61437737
142.4242424
0
142.4242424
0
142.4242424
0
134.3434343
0
134.3434343
0
142.4242424
0
142.4242424
0
242.6573427
28.32653061
225
0
242.6573427
28.32653061
134.3434343
0
225
0
142.4242424
0
142.4242424
0
98.70753525
0
38.22222222
440
0
0
0
275
98.88888889
98.93004723
0
98.88888889
34.07407407
150
98.9010989
3733.333333
34.7826087
32
31.79487179
33.9047619
162.1259653
37.00253165
738.0165289
0
34.96666667
0
99.33687003
150
500
0
98.88888889
32
400
0
0
33.21377331
30.69767442
0
34.66666667
650
34.66666667
650
33.33333333
300
38
875
35.8974359
97.20730397
275
34.66666667
98.38709677
1900
0
0
0
29.41798942
38.49449913
34.95974468
350.4056616
0
0
552.3076923
103.7735849
99.76851852
9136.8
98.91737398
6530
28.79747703
31.92166463
395.1515152
126.1933905
36.63592599
33.32183908
912.0481928
98.85057471
30.54611191
35.96957062
0
0
38.49449913
2556.923077
38.49449913
98.85057471
97.98657718
0
3250
128.358209
98.20261438
900
36
0
29.33333333
275
29.33333333
275
29.33333333
100
1650
171.4285714
98.94736842
275
29.33333333
175
0
175
0
0
32.53156566
33.40659341
650
29.33333333
1127.692308
7671.714202
99.2873069
34.11764706
112.5
225.3781513
3860.12446
37.45813148
97.12643678
27100
34.75232198
98.87905605
1850
357.4898785
32.27960121
0
0
0
32.80898876
457.5657895
628.6135693
32.81230769
278.8527397
29.27522195
1134.587598
36.14238963
0
135.4347826
0
135.4347826
721.1757464
247.8448276
99.87608426
15685.19553
99.36649502
16400
37.09090909
1225
0
281.3169388
0
97.86585366
742.4489796
0
34.55904335
635.1648352
34.55904335
742.4489796
35.25193798
635.1648352
34.55904335
635.1648352
34.55904335
635.1648352
34.55904335
635.1648352
0
99.16666667
62462.5
35.45626657
37.33333333
1400
433.3333333
32.5
2184.615385
33.87205387
35.55555556
567.0993746
0
5089.473684
98.94892126
0
0
99.96343693
17654.28571
111.818038
36.17090319
28.33333333
113296.3759
0
0
0
219.5691203
0
0
540.9399006
33.75916526
0
0
0
0
542.1657096
33.77107818
0
580.7893677
33.75769049
0
0
1040.837495
36.41298491
567.0993746
0
5089.473684
98.94892126
0
0
0
8895.673077
98.88835444
419.2307692
32.2962963
1124.519231
36.73341186
0
97.22881892
1680.078125
0
0
8895.43379
98.88832487
420.5479452
32.31578947
1114.611872
36.70676692
0
8392.857143
98.82253995
392.8571429
31.88405797
1050
36.52173913
37.60260586
44030.43478
99.00582176
28.85231347
29.3742621
191.1111111
18022.1374
99.0547599
335.9375
36.38888889
335.9375
36.38888889
98.11398109
6088.495575
0
36
0
0
319.3548387
130.7692308
29.81818182
10186.30952
99.02783404
0
1450
37.41935484
0
0
29878.26087
99.02683104
98.66868448
360
31421.73913
98.98432602
31.14686093
0
32122.22222
98.98432602
37.67666355
0
8020
98.79086431
98.07692308
567.0993746
0
5089.473684
98.94892126
98.6013986
36
33.5483871
0
0
36.00352232
0
36.81034483
7776.54321
98.88857224
98.27586207
98.16743325
0
390.9090909
31.85185185
1045.454545
36.50793651
31.56597299
0
26453.19149
98.85022385
401.7699115
32.02821869
1070.79646
36.5835223
335.9375
36.38888889
335.9375
36.38888889
36
567.0993746
0
5089.473684
98.94892126
567.0993746
0
5089.473684
98.94892126
36
36
28.03717638
5229.72973
98.94892126
28.03717638
5229.72973
98.94892126
0
0
322.2222222
0
0
200
0
0
98.42883549
0
0
97.06515166
736.587963
97.21089301
0
35.83333333
3085
0
517.868198
97.81076772
2013.548387
0
379.3827411
28.45155709
0
119.7514716
463.8664819
36.53413392
518.0555556
32.16468137
2011.85948
98.64194203
33.68421053
14806.66667
0
0
1591.286989
99.86705586
2642.826667
0
38.41554147
2468.57971
97.92362553
4716.086957
97.92362553
107263.5438
29.74358974
0
97.43589744
3900
0
2579.487179
36.07017544
0
31.42028986
0
156.6666667
28.31168831
36.66666667
0
113.4646962
0
885.2216749
33.31428571
180.8641975
0
138.2133995
96.66666667
33.24009324
0
0
6857.692308
38.51409619
0
0
0
34.66666667
29.28571429
36.66666667
77900
98.46153846
116.6666667
38.46153846
2500
38.46153846
2500
0
0
37.93548387
1700
0
32.62672811
300
0
836.8686869
32.81940701
0
0
285.3624696
29.62016202
111.143695
28.14814815
28.75
0
0
301.025641
28.43749354
34.29411765
37.25085911
10100
0
99.79101358
242032.1429
31.57484844
33.1372549
665.7142857
34.7761194
0
2111.297331
98.50138483
776.6233766
0
97.22222222
36.61971831
97.73419469
2198.387097
38.25964912
97.68491365
2185.714286
38.25
98.46153846
0
98.79032258
0
0
1000
0
14681.95251
0
97.87234043
0
0
10576.96203
38.25282272
38.08835736
36.19047619
173.125
32.67734554
446.25
266.1327231
29.075
36.58276125
6671.428571
30.25316456
0
0
33.39449541
613.9393939
34.39728353
613.9393939
34.39728353
505.5555556
33.39449541
613.9393939
34.39728353
613.9393939
0
0
188.3597884
0
188.3597884
0
0
38.29951691
0
321.875
0
0
1679.166667
36.62763466
0
306.4516129
30.15873016
2285.765306
37.93698274
0
0
3090.416517
35.70600465
0
123.6024845
0
0
0
0
283.3333333
29.56521739
585.7142857
34.16666667
1416.666667
98.9010989
0
0
17060
98.83449883
35
29.33333333
275
29.33333333
275
29.33333333
275
0
35
0
35
114.2857143
99.60058581
5600
487.6315789
98.27586207
0
0
32.98946612
0
35.22351151
0
598.4126984
30.90909091
0
97.35449735
3680
98.82352941
541.9753086
38.57142857
5675
98.7012987
96.66666667
2900
6433.333333
99.48979592
200
0
200
0
200
0
200
0
200
0
200
0
200
0
300
30
300
30
300
30
200
0
300
30
200
0
200
0
98.73378528
0
0
99.96807087
5668.75
0
29.85507246
393.75
0
4456.763285
97.06122449
0
1025
36.44444444
98.75
7781.818182
98.73125721
291700.6431
99.96573003
7900
0
99.16666667
7900
98.75
8900
133.3333333
238.4976526
99.87938012
13845.10309
0
99.8139881
29700
99.86577181
150
25500
99.609375
200
522.2222222
3403.571429
37.06422018
0
0
38.4228972
300
553.1578947
328.6865431
0
38.57142857
0
787.0114087
98.65787951
764.2045455
97.58930528
4048.181818
0
98.9539749
74780
99.86645299
8267.272727
38.56584094
10326.66667
97.44245524
945.9090909
36.17557584
2450
36.77655678
34.54545455
250
29.33333333
10120
97.84735812
98.93116717
6600
35.2238806
37.87301587
0
2937.037037
38.19512195
0
100.4371585
0
100.4371585
0
36.484375
0
650
37.94507014
29.14473684
31.46666667
38.64922813
1700
97.77777778
0
11900
36
4900
35.34102564
31.62575674
0
0
0
0
0
0
0
37.33333333
250
28.57142857
3983.333333
97.55102041
3983.333333
97.71373501
471.1976628
98.24929256
10740.0719
0
98.52195946
7900
99.64285714
0
8700
98.86363636
8700
99.43181818
8700
0
150
543.902439
766.6736022
35.33220519
98.87640449
6533.333333
99.74874372
500
100
36.66666667
500
33.33333333
18087.05036
96.70094937
157.1428571
0
1116.666667
365.2631579
0
98.46153846
6003.305556
0
32.80898876
462.4609375
35.33300924
728.4688013
261.3474387
28.84930891
0
0
0
38.37126246
28.03548151
234.5342523
0
0
0
38.6440678
0
30.88973131
339.0649867
99.38356444
14015.78947
0
37.26597383
1363.043785
99.71520561
700
170
150
99.25925926
49564.2487
0
30.00836639
0
179.221876
0
0
0
5200
98.82075472
8380
98.11320755
458.4045584
97.95918367
480
0
0
30
0
331.6666667
33.82239382
98.88888889
100
0
98.30508475
98.30508475
36.92307692
36.92307692
98.38799678
1790
37.88359788
30.42407661
37.14285714
100
0
0
98.63013699
0
0
0
1214.393939
96.72255698
436.3709033
32.59612519
37.12548369
103.0769231
99.24242424
4900
0
0
0
29.80392157
98.87640449
8800
98.87640449
8800
97.5
38.18181818
7400
877.7777778
38.41818182
0
32.5
33.10344828
37.6744186
32
150
0
0
37.33333333
0
0
703.5714286
96.66666667
0
0
0
0
200
0
0
33.33333333
300
34.56847451
0
133.3333333
35.41446208
105.0213675
98.74934862
400
32
100
15850
99.68652038
100
250
6757.142857
98.54166667
328.5714286
30.66666667
0
35
70900
99.85915493
17166.66667
35.65637066
37.86666667
17166.66667
99.42084942
1775
37.86666667
17166.66667
36.38030888
1005.066667
36.38030888
1005.066667
98.27586207
37.77777778
0
38.4496124
292.7272727
29.81481481
365.8181818
31.50819672
0
36
300
0
133.3333333
30.0952381
1342.307692
37.22666667
99.01156725
0
0
1072.368421
36.58810325
98.78116833
167.8571429
0
34.64285714
646.6666667
0
0
0
1006.451613
31.29251701
0
148.8888889
0
34.66666667
0
786.5490473
35.48812329
500
0
38.47457627
0
35.55555556
0
35.70621469
98.92473118
97.98657718
3415.891473
97.47179657
98.36021505
112.244898
0
0
1340
37.22222222
98.88888889
98.8851728
0
35.55555556
800
28.85714286
99.79701008
32
3650
98.28738513
1471.022727
37.45388788
686.25
34.91255962
0
220
0
1400
0
34.28571429
0
0
96.96969697
30.45599463
30.77777778
31.7383821
38.26086957
38.33333333
37.1617638
170.9677419
0
98.38709677
6200
96.82539683
0
990
112.8440367
0
395.412844
99.26205182
6600
30
813.4328358
38.30065359
0
99.78632479
5100
98.07692308
6968.75
28.66445694
35.46568627
694.5945946
98.97959184
700
223.75
0
99.7260274
2566.666667
38.5
14158.33333
0
0
780.66605
34.73856209
0
38.52718215
2615.882353
38.52718215
2583.333333
38.50931677
2583.333333
38.50931677
2583.333333
38.50931677
2615.882353
38.52718215
2583.333333
0
38.52718215
2615.882353
38.52718215
38.46153846
7667.020592
98.6205411
32.88888889
462.5
126.6666667
0
0
99.78723404
58300
96.83219178
121.6216216
37.56097561
540
33.75
540
0
34.59459459
640
34.59459459
98.27586207
98.93617021
185.7142857
29.5
900
3478.077803
99.7646487
170
16583.33333
99.97779998
9000
98.9010989
81800
35.55555556
2371.167211
99.76653823
547.6190476
266.7279412
98.39598997
6134.375
38.07518797
716.6666667
154.4642857
96.84466019
1961.538462
37.11442786
0
0
0
0
31.15384615
0
31.15384615
0
19400
0
0
0
106.637688
0
99.10714286
8800
98.87640449
100
0
200
1766.666667
37.85714286
38
0
250
0
37.55555556
104.5454545
0
104.5454545
0
104.5454545
0
104.5454545
0
175.7575758
0
0
0
175.7575758
37.68115942
884.8484848
38.46153846
100
0
100
0
5866.666667
37.98882682
0
0
0
4880
97.99196787
33080
99.69861362
1000
37.09090909
0
0
0
0
1175
32.5
0
36.42131243
0
0
38.29059829
130234.6154
99.07929294
8505.591398
97.50162435
1341.860465
37.22580645
0
36.58119658
1070
643.5897436
34.62068966
0
1711.155914
37.79146568
1008.870968
99.33333333
1252.727273
37.04301075
11122.5625
97.92085512
495.1785714
33.27932793
2257.142857
0
97.91013584
287.9472554
29.63531384
0
200
0
30.87087087
587.5
0
0
100
0
5400
98.18181818
0
100
0
5400
98.18181818
36
4600
97.87234043
98.25581395
3566.666667
97.27272727
0
100
0
5400
98.18181818
0
0
1962.5
0
0
0
0
0
2847.368421
38.64285714
0
0
32
32
0
0
0
0
0
189.5927602
0
3890.066694
38.65590338
29.20041537
201.1538462
0
0
99.94579946
148366.2577
0
97.63344051
633.8916179
37.22296395
807.3777778
240.9090909
28.26666667
1969.26018
99.68044324
1506.27451
37.50976563
1506.27451
453.3854167
98.875
855.5555556
98.66190901
7650
96.77419355
0
97.69911504
198.0769231
0
174.0384615
0
1792.664165
0
0
700
0
38.46153846
99.28088166
404.1666667
161.8181818
0
36.5
29.01098901
0
34.74886517
0
799.0136364
38.58430704
590.0468384
0
0
31.86944846
245.8333333
29.39759036
0
38.16970459
0
535.6304985
0
164.1025641
0
99.65277778
12140
36.60130719
36.15384615
23300
37.12820513
0
37.59615385
17180
35.77777778
426.3157895
32.4
0
0
34
52859.03107
99.76921364
13129.09091
0
37.05449963
33.45454545
8165.109101
98.79009462
511.1111111
33.45454545
12492.59259
0
0
36.83397683
1158.448047
0
0
0
36.8383198
1165.150094
0
30.58340093
0
762.0756173
99.93287089
6500
38.38383838
250
0
338.2205029
30.87217514
97.57575758
135326.2238
0
0
37.45149701
0
3799.713631
99.9287697
860
35.83333333
1160
36.82539683
1160
36.82539683
1100
36.66666667
1160
36.82539683
700
125
31.11111111
32.5
0
0
100
0
35.0617284
199096.6038
99.69879005
33.33333333
350
433.3333333
30
4300
28.18181818
36.92307692
8700
97.72727273
3502.260274
0
0
0
0
36.47331809
1034.210599
0
786.8544287
0
170.7723516
0
0
0
112.9537622
0
0
155.8379132
0
29.39876639
263.7058436
0
99.71291866
34196.42857
37.86177931
2354.545455
37.96296296
1121.818182
0
250.3618134
0
32.24400871
895.3079484
35.68924402
6764.219467
35.1013891
0
472.2352941
31.66666667
29.89473684
35.18072289
900
37
2000.136054
37.79908439
0
147.6190476
0
147.6190476
98.18181818
300
98.70591017
0
233.8461538
28.01843318
1935.384615
37.42063492
146.1538462
0
11717.01978
98.25024215
1328.571429
37.2
796.6600529
99.55744053
7100
33.45238095
341.2121212
0
0
148.8888889
0
99.8723131
100
308.3333333
230.6122449
0
926.6666667
99.85883682
97.89473684
757.1428571
933.3333333
0
38.51851852
6009.090909
98.36309524
30
2133.636364
34.62759463
0
2133.636364
38.20919821
200
0
2133.636364
0
179.2045455
0
179.2045455
99.84297338
23900
0
361.5384615
98.52380952
119.3548387
0
150
0
3426.666667
34.89603025
0
0
400
32
100
0
300
30
0
0
28.96231884
0
0
0
824.2857143
31.93199382
0
0
100
0
97.14285714
3400
809.4581281
28.14364641
0
135.875
600
34.28571429
100
0
0
0
0
0
0
0
0
0
300
0
100
31.11111111
0
0
306.25
35.07692308
216.6666667
0
97.19400097
2778.571429
36.02712572
35.55555556
0
31.11111111
0
30
0
0
31.11111111
725
29.71428571
96.96969697
150
0
0
100
0
300
38.18181818
37.6744186
1100
0
98.41269841
0
180.4761905
36.74023769
96.875
30581.39535
0
0
0
0
0
96.875
300
37.70992366
753.3333333
36.5625
96.85314685
0
0
0
192.2077922
0
34.77703294
0
37
100
0
0
500
0
300
0
28
233.3333333
0
31.11111111
0
0
0
36.18181818
35
100
700
35
0
255.5555556
0
200
0
940
38.07692308
380
31.66666667
700
0
30.90909091
340
30.90909091
360
32
540
97.5
525
0
1850
33.07692308
0
38.0069468
36.8
168.3333333
33.27122153
319.010989
0
28.08928571
150
32
96.96969697
97.05882353
0
0
0
32
98.36065574
250
43213.04348
99.67017524
0
25900
37.53846154
0
163.2142857
0
0
98.90988372
5766.666667
98.29545455
99.6126176
460
32.85714286
32
400
32
400
32
400
32
2983.333333
0
0
33.51351351
516.6666667
33.51351351
516.6666667
980
28.32799145
34.532418
5257.142857
98.13333333
0
30
460
32.85714286
460
0
0
2212.5
38.27027027
8328.571429
97.21927966
98.47619048
6300
98.4375
17400
97.14285714
1212.5
36.95238095
1212.5
36.95238095
2450
2729.803922
97.39355084
0
286.7403315
0
97.01492537
2220
32.30603448
3371.148459
97.1191091
1322.969188
37.18897638
505.0420168
261.8518519
0
36.69444444
31.03641457
346.25
31.03641457
0
99.85074627
5400
29.41176471
24275
98.46153846
0
0
35.63636364
816.6666667
35.63636364
816.6666667
0
31
5900
97.35449735
740
650.4058442
38.12601406
0
7600
0
97.17514124
37.6
1566.666667
37.6
1566.666667
230
0
2870
0
107.3316283
30.5
35.78947368
36.66666667
700
2187.5
98.90710383
0
23900
37
172.6495726
33.47962382
1275
37.09090909
10653.27273
99.76751264
2642.307692
37.81206171
0
2642.307692
38.54137447
0
0
2642.307692
34.1654979
585.5769231
34.1654979
585.5769231
30.6503287
0
37.18181818
609.6774194
98.05068226
2060
36.74074074
0
30.4
0
30.4
97.91666667
0
0
0
97.88149351
1080.076628
33.54805195
0
11462.85342
99.13516157
2070.686456
38.15726496
0
669.7580645
34.80356207
669.7580645
185.8379169
0
37.40178104
30
5620
35.8041958
0
1274.567972
0
0
35.69029851
335.0649351
527.2636816
99.77791878
471.4285714
5439.831288
38.01437996
181.8181818
0
0
0
33.40175953
506.2222222
33.40175953
506.2222222
38.24046921
2173.333333
38.24046921
2173.333333
37.50790947
28.39285714
174.6153846
0
0
145980
38.48648649
1195.238095
38.08823529
0
450
0
0
38.61490904
0
29.88505747
250
36.88311688
1183.333333
1267.300249
37.66658699
98.37177748
6041.666667
98.37177748
96.66666667
37.30625108
303.4188034
99.57627119
14750
98.98989899
922.7272727
154.2222222
0
0
1528.92562
99.74632166
2320
38.34710744
14300
37.77777778
96.66666667
34.36619718
36
0
28.46153846
3200
98.48484848
98.90251055
10585.47419
98.83018762
780
0
867.7419355
35.86666667
30.32258065
406.6666667
906.5789474
36.75816993
33.5483871
520
33.5483871
98.18181818
99.39944631
6500
98.48484848
13760
38.11447811
98.27586207
0
38.4496124
3404.761905
34.7826087
33.33333333
38.18376566
38.38487973
18100
98.3974359
13550
98.53479853
2100
36.59090909
593.3333333
34.23076923
2833.333333
38.63636364
4700
0
97.87234043
100
0
209.5480138
37.36807152
0
0
0
97.08333333
3328.571429
97.08333333
98.82352941
2516.541353
98.06896552
12757.14286
97.77777778
1064.285714
38.52760736
33.33333333
300
0
0
30
300
0
145226.2857
98.86462384
0
38.52216749
0
37.7704918
311.7647059
0
37.68545994
97.8956229
140
35.83333333
2556.923077
38.49449913
140
0
2433.333333
38.42105263
98.21428571
98.52941176
34.24198924
35.49317004
28.76254181
353.125
31.17241379
353.125
31.17241379
1462.5
3472.04
96.95412145
97.5
0
340
97.15909091
3900
35.2
200
0
28.0952381
28.61818182
38.36777954
2350.649351
38.36777954
2350.649351
0
97.2826087
97.8709675
99.89754742
8300
1089.927184
98.12413492
10488.23529
98.88888889
97.84482759
99.91569736
1775
38.38383838
11177.77778
0
634.375
98.93617021
34.84037024
38.57142857
38.4
20400
98.7804878
99.56521739
19800
99.49748744
38.58823529
0
0
0
97.37631184
29.33333333
11566.66667
33.52
35.76719577
4488
29.53792502
0
1804.761905
37.9
0
0
37.88359788
1790
99.18367347
1433.333333
34.7826087
5775
97.87234043
99.90418871
2150
36.45361651
0
0
0
0
0
1100
98.93617021
0
128.5714286
0
31.42857143
357.9843225
31.26607658
350
98.04964539
0
37.72505314
9631.924883
98.56143567
5032.230576
98.97937258
30663.63636
0
96.700491
35.10223211
0
0
34.14138439
13400
0
97.96803951
99.07894737
3900
0
0
28.88888889
35.09153606
0
29.0625
22450
0
0
37.77777778
588.8747616
98.32502769
33.60983103
0
150
0
30
400
0
37.43902439
15011.11111
30.58823529
99.95617647
208344.4444
38.02132196
32.7262931
0
38.33333333
33650
99.20987654
30
972.7083333
35.33890076
0
0
0
197.1428571
33.26923077
494.2857143
0
28.60759494
2556.875
97.36532581
239.2857143
29.05263158
3772.281167
97.4175429
99.77876106
359900
98.95833333
148.6772487
98.29787234
0
38.48285931
1100
37.68617021
98.54483817
0
2753.603604
99.33405683
634.2222222
34.14043584
734.7107438
35.54455446
0
0
174.1814429
0
0
0
0
98.2421875
1160.740741
36.04
260.6060606
236.1344538
98.79931389
96.96969697
900
233.3333333
34
566.6666667
5145.062027
98.82740826
3102.933985
97.4980916
38.18181818
38.18181818
38.18181818
806.1337341
99.03013393
6114.039125
97.98333333
159243.9883
28.93902419
97.87234043
0
99.99094744
112900
180.420354
99.40828402
7628
98.70600414
113.3333333
0
3526.666667
31.91176471
28.36363636
385.625
1881.981982
38.57142857
30.88954149
0
37.63414634
477.3195876
33.07142857
765.9793814
35.68452381
562.0689655
33.95833333
2914.818032
98.04795599
0
0
0
6680.116959
36.13593238
114.2857143
29.88888889
1007.692308
36.44480519
0
1677.834144
37.8673662
0
38.61111111
0
38.46808511
34252.85714
0
35.65217391
0
440
0
2900
0
28.21428571
895.6709957
97.56521739
99.69729399
300
191.6666667
36.57142857
200
100
98.12392796
37.71428571
3900
0
36.7032967
0
0
0
0
0
28
38.21428571
1260
98.71929825
65525
98.48888889
638.1803616
36.28713374
0
28.768
7592.307692
99.81481481
1925
650
0
31.72413793
600
0
32.36883943
530
97.89473684
0
0
33.52380952
38.62745098
1928.571429
37.46478873
0
0
31.11111111
0
0
395.2380952
417.6282051
0
0
0
99.35483871
562.5
1804.761905
38
34.28571429
18100
98.9010989
0
34.28571429
0
98.21428571
99.97113334
3900
0
37.48427673
98.29059829
98.08510638
1900
2916.428571
28.06535638
3333.333333
97.08737864
0
0
0
3471.428571
97.2
0
0
35.51282051
0
97.11741529
15885.30762
99.0502451
4835.483871
97.97385621
15885.30762
99.0502451
4835.483871
97.97385621
7104.502814
98.99305556
6417.241379
97.93650794
9500
98.97762346
4484.90566
97.81893004
4056.036578
99.04411765
5092.307692
97.96825397
13141.37931
99.04761905
6735.9375
98.00380952
8142.424242
99.00568182
4614.285714
97.87878788
5458.312655
98.99305556
4555.172414
97.85185185
5391.205491
99.01855469
16218.40796
98.06097561
8891.735537
99.0162037
8238.235294
98.00705467
14489.66565
99.03935185
8032.53012
98.02962963
5659.100141
99.01258681
5438.461538
97.91666667
3968.141368
98.99305556
5951.724138
97.92022792
6014.649682
99.01855469
4676.119403
97.90625
99.14383562
23900
33.33333333
100
0
4900
98
300
98.7012987
35.215311
12674.19355
96.96969697
99.20212766
0
96.89716312
36.85321363
0
98.36690256
2600
35.18978723
1097.452229
98.29343972
99.9803619
5315.384615
34.28571429
99.98670476
3900
0
0
0
0
0
99.19354839
4100
97.61904762
129.1666667
28.36363636
243.75
28.36363636
243.75
28.36363636
243.75
28.36363636
243.75
28.36363636
243.75
28.36363636
243.75
28.36363636
243.75
28.36363636
243.75
28.36363636
243.75
28.36363636
243.75
28.36363636
243.75
28.36363636
243.75
28.36363636
243.75
28.36363636
243.75
28.36363636
243.75
28.36363636
243.75
28.36363636
725
0
33.73779278
97.02388743
124.2257651
0
0
0
0
0
37.99448208
98.99022801
9803.225806
0
386.4348255
31.68801242
1186.774321
36.8914518
0
99.4
1983.333333
98.90786517
37.4528675
6471.428571
98.55072464
1025
36
1550.793651
0
0
133.0532213
37.09090909
37.23858272
100.9225048
32.96875
98.33333333
98.81656805
11520
0
35
5300
98.14814815
35.81881533
460
2900
97.07259953
10700
0
99.21568627
7154.142499
99.10726826
5209.734513
98.09583333
654.0232615
99
4587.5
97.86666667
556.1035953
98.97762346
4484.90566
97.81893004
98.96774194
38.50931677
900
0
700
4175
98.24561404
0
37.91304348
97.97979798
1775
30.58823529
34700
98.27586207
32.91733678
0
37.36
99.95179199
1775
0
0
99.85286481
1775
32.45818937
0
166.6666667
38.45876289
99.002849
1775
99.43910256
900
200
280
98.24561404
31.48507565
96.66666667
10780
98.65196078
8845.454545
98.88211382
99.09297052
35.68313953
37.57575758
1900
29.42109903
96.66666667
16220
98.87663399
10634.54545
99.06842818
32.5
97.89473684
233.3333333
200
33.33333333
500
4460
98.24561404
96.82539683
1775
97.84946237
1775
2466.666667
31.42857143
98.45559846
98.03439803
1169
97.91666667
99.97630339
44900
99.55555556
891.6666667
99.97647405
44900
37.06666667
12263.63636
98.75306373
9570.761671
98.96595528
99.98822098
5900
6700
98.20772059
6628.205128
98.51371951
99.1872141
99.55758769
99.55562171
99.98111965
5150
8776.190476
98.52467811
0
8845.454545
98.88211382
0
97.77482839
8060
98.34558824
7188.888889
98.62804878
35.88571429
98.93162393
63900
887.5
21614.28571
97.36842105
34.28571429
97.61904762
98.73417722
37.5
36.36363636
13400
35
97.22222222
63900
881.25
99.36305732
30
136700
98.24561404
97.24137931
7900
600
485.7142857
36.58536585
885.7142857
38.34782609
98.24561404
99.0990991
235.2380952
98.86363636
99.38886239
0
900
325
1279.032258
98.24561404
99.95917256
11900
833.3333333
37.14285714
99.76851852
1460
6474.495272
38.12796393
1125
35.10204082
1050
0
96.94736842
35.12195122
98.68131868
5900
0
100
36
98.24561404
99.97670058
47452.23881
97.89704959
533.3333333
98.93842887
7141.37931
97.61904762
609.5476662
98.97762346
4484.90566
97.81893004
596.5086227
98.97762346
4484.90566
97.81893004
686.8809846
99
4587.5
97.86666667
6230.668853
99.02161215
3959.701493
97.91207108
38.18181818
1265.651713
98.984375
4515.384615
97.83333333
38.18181818
682.8918274
99
4587.5
97.86666667
630.9770895
98.99305556
4555.172414
97.85185185
637.439791
99.0162037
4664.705882
97.90123457
38.18181818
38.18181818
1276.962776
99.03571429
4761.111111
97.94285714
948.3045619
99.01855469
4676.119403
97.90625
31.11111111
23450
98.93842887
99.98479086
140900
37.55555556
0
35.55555556
33.05263158
153.6405055
98.5044416
200
0
17235.89842
99.06881313
4933.898305
98.01346801
38.29545455
29.33333333
11900
99.0375
4770.12987
97.94666667
2374.758324
98.97762346
4484.90566
97.81893004
3667.728124
99.07142857
7808.653846
98.04660588
8302.051282
99.01855469
5074.129353
97.92307692
4484.90566
97.81893004
18251.80723
99.0502451
4835.483871
97.97385621
9161.595547
98.96875
4445.454545
97.8
0
4886.052999
97.99440559
9161.595547
98.96875
4445.454545
97.8
9161.595547
98.96875
4445.454545
97.8
21893.12715
99.07875
4988.195387
98.03466667
3556.986435
98.82741261
3715.309842
97.49840764
8530.945214
99.04017857
4783.72093
97.95238095
3466.04392
99.03935185
5104.819277
97.96296296
21893.12715
99.07875
4988.195387
98.03466667
36
99.66777409
5733.333333
2330
99.70934073
4833.333333
98.4
30
99.72222222
35900
0
97.91666667
0
98.64864865
35500
98.87640449
98.37837838
99.95008873
13400
0
406.8518519
0
0
36.02777778
31.98819222
38.51851852
250
99.9905303
100
2100
38.18181818
400
32
9745.454545
0
33.62025316
144.2857143
0
97.85539216
99.92592593
14900
0
37.64705882
0
33.24922904
97.91666667
35.54914222
28.58789625
930.3030303
37.73529412
1880.709349
37.98052147
731.1688312
35.1875
30
98.41269841
99.49494949
47900
35
0
31.22340426
0
99.99450074
211400
0
0
99.60715028
300
200
0
1400
99.66666667
1900
38
1900
38
1900
38
1900
38
1900
38
1900
38
1900
38
5900
98.33333333
5900
533.3333333
147.3684211
28.08510638
0
35.6043956
96.77419355
0
0
33.33333333
23450
98.93842887
98.86363636
0
0
0
35
650
0
471.4285714
99.78813559
400
0
28.91857168
0
31.76923077
0
0
99.94501718
19300
0
1277.990431
37.09722222
22700
698.245614
98.96978022
0
3900
97.40740741
11900
0
0
0
38
1733.333333
22700
36.71052632
99.78813559
400
1327.272727
98.93842887
5900
99.95199448
189900
38.27368421
23450
36.81528662
34.28571429
3900
0
3190.501792
38.64931104
1900
99.78813559
400
0
281900
98.93617021
337.8109453
98.4375
700
0
0
3900
0
38.63081904
97.22484695
6557.142857
98.92703863
99.9693456
181900
96.92307692
35.01356064
2271.428571
96.98795181
38.44490256
0
5605.128205
97.49598716
0
37.69230769
170900
98.24561404
33.31091591
35.04600142
37.41479178
5100
96.73076923
0
0
0
0
99.56896552
275900
98.09782609
139.7308782
98.7855612
34.28571429
3900
96.96558227
190.4435019
0
98.8179669
1432.432432
35.63492063
2809.090909
38.625
1422.297297
176.9640479
38.41346154
2809.090909
38.625
32471.42857
98.24561404
99.78813559
3650
11087.27757
31.65718981
0
650
98.05250305
8150
0
97.0212766
34.28571429
35.74468085
37.93265354
0
0
30.58823529
99.35064935
99.02097902
5100
0
0
96.96969697
28546.15385
0
28.88888889
0
36.66666667
0
0
0
0
0
0
449.131016
0
36.85314685
0
2940
0
0
97.45762712
129.1666667
629.9173554
32.82608696
544.4444444
33.79310345
1766.666667
37.14285714
0
0
346.25
0
215.3333333
0
0
327.952381
0
0
38.37140745
0
31.42857143
400
32
5000
98.03921569
19854.02299
97.66129032
28.57142857
2110
97.36048265
9500
96.875
0
28.72180451
254.6666667
528.5714286
0
0
98.93617021
0
37.22647183
97.59615385
0
60400
99.83471074
47517.78846
33.78383563
98.64864865
2634.375
540
34.10714286
353.8181818
720.5128205
97.15169271
0
98.06744913
1933.898305
37.29142857
98.16616361
0
0
35
0
0
36
2600
97.03703704
0
0
37.87234043
0
0
30.88888889
0
27900
38.57142857
37.69230769
29.61926579
0
96.92682927
0
5154.079254
97.96756384
99.9763202
14620
0
0
34.85380117
677.2727273
97.61904762
36.66666667
99.96356766
1900
28
700
0
6928.571429
38.46431798
1651.605184
37.71638036
0
0
0
0
38.58823529
60665.71429
99.83543352
60665.71429
506.0606061
32
31519.04762
98.79518072
2316.666667
0
30.63829787
3900
36.18181818
351.1062634
0
97.67691358
8071.900826
98.56644417
30
1775
99.25
0
36.91666667
22170.27027
99.5049555
25475.75758
99.37796209
38.03229814
0
34.65329992
33.75
100
0
28
1362.222222
38.63221884
4566.666667
123.8095238
97.87234043
500
350
0
97.02380952
2476.785714
99.22383922
275
29.33333333
109.0185824
99.52721106
35.55555556
3358.823529
98.7244898
180
0
180
0
180
0
180
0
180
0
180
0
180
0
180
0
180
0
180
0
180
0
180
0
180
0
180
0
180
0
180
0
180
0
180
0
180
0
180
0
180
0
180
0
180
0
180
0
180
0
121.8566205
99.3676324
4870.568182
98.74259848
180
0
180
0
180
0
180
0
180
0
180
0
180
0
180
0
180
0
180
0
180
0
180
0
180
0
180
0
180
0
180
0
180
0
180
0
180
0
180
0
180
0
180
0
180
0
0
6130.769231
38.51851852
400
2380
99.19354839
32
97.61904762
98.80952381
1400
98.43960839
2257.142857
96.96969697
96.77224652
0
99.46902655
28.23529412
96.77419355
33.28671329
100
37.03703704
0
100
37.65625
0
38.51851852
926.6666667
0
33.05555556
584.4444444
100
97.22222222
38.55555556
0
36.38888889
208.5714286
0
37.14285714
33.07692308
0
203.5714286
0
99.7972973
566.6666667
0
0
34
2600
0
98.125
98.33333333
300
98.125
30
100
37.47222222
96.66666667
98.33333333
37.33333333
0
100
37.66666667
0
96.875
500
98.14814815
32.22222222
37
97.42326639
29.84327604
433.3333333
38.6419295
35.51873982
0
0
0
0
0
0
0
566.6666667
0
0
0
32
37.77777778
0
0
37.77777778
0
0
0
0
0
98.94957983
0
0
38.54872603
38.00491785
32.38095238
98.85452463
0
0
0
200
98.72340426
99.20212766
2720
0
97.83687943
37.12032733
1846.288156
0
97.10104843
2324.514247
29.23076923
30
96.93515704
0
98.25
98.93617021
98.93617021
99.23861733
98.65263158
2837.5
38.40425532
0
38.36170213
29.8931001
37.93768997
97.90871067
98.93617021
98.98989899
37.97979798
1780
97.87234043
35
98.56382979
132.5786816
98.67678861
98.93617021
0
38.28723404
98.93617021
98.63864137
99.30603891
32.60638298
37.84638532
156.4102564
36.02777778
0
97.61012301
98.36065574
32
37.76595745
36.6483284
455.5555556
38.41303191
33.28
36.17021277
38.18161554
130.7692308
34.95665879
98.81144534
98.66356383
98.93617021
30.21209371
0
35.86632747
98.93617021
0
97.36702128
98.93617021
0
0
37.78250591
98.93617021
0
38.6073501
8900
98.91252955
3002025
0
97.99601064
98.93617021
98.93617021
32.08791209
100
38.48024316
98.93617021
98.93617021
98.96907216
0
38.51546392
1988.888889
0
36.52142513
2052.941176
38.1420765
0
34.59726163
30
148.8888889
0
0
30
319.3333333
37.5
96.66666667
97.17647059
2741.666667
38.47507331
238.4615385
28.18181818
37.8872572
1656.720349
37.87926513
118.1088873
37.24137931
3740.070922
32.20616246
96.66666667
29.48671773
0
2525.26096
96.99880716
96.66666667
96.66666667
96.66666667
96.66666667
96.66666667
96.66666667
97.95918367
97.95918367
96.66666667
96.66666667
96.66666667
96.66666667
96.66666667
96.66666667
96.66666667
96.66666667
96.66666667
96.66666667
96.66666667
96.66666667
96.66666667
96.66666667
96.66666667
96.66666667
28.46153846
0
5684.291899
37.58953086
111.1986374
1873.28629
99.31340996
2139.583333
0
38.35841313
1028.571429
34.28571429
34.28571429
1510.59413
98.4
36.26855786
1142.55814
36.78083474
32.74418605
32.75310607
32.37351709
426.8817204
36.42857143
0
32
37.55930548
31.28540305
0
575
0
100
0
3711.428571
97.37631184
100
0
2675
38.1981982
691.7
34.94758115
32
40269.02655
99.9465812
11950
0
0
299.1683992
38.61111111
98.94736842
32.9704142
490.4761905
33.40659341
511.1111111
38.24561404
2025
99.97591284
95900
35.59375
1100
98.17708333
99.99092312
230900
33.55844156
32.25229065
37.82618262
99.36507937
15800
7430.791789
98.14814815
0
0
0
37.66035228
142.4242424
0
6275
98.03921569
809.2222222
35.60063546
38.29592143
29.69422324
38.63425421
365.7709533
0
99.39903846
3200
96.96969697
3380
97.12643678
14300
29.43209877
581.8181818
98
633.3333333
34.54545455
99.97626364
4333.333333
99.49845679
20900
99.97093023
3900
99.98815716
426900
0
38.51851852
232
96.89085952
756.1320755
96.6857385
186.7647059
37.85179989
274.9991374
36.54912281
189900
98.94736842
98.94921191
34.76503637
0
37.29078947
0
357.03125
31.2008547
97.77777778
4400
99.50564657
3509.375
99.48051948
4566.666667
97.85714286
4900
0
0
98
2900
96.66666667
1500
35
0
250
28.57142857
3983.333333
0
0
98.71052632
98.46770778
634.6641538
0
213.9705882
0
35.24241799
34.03176478
29.43758573
35.74025974
38.51851852
2500
0
0
500
0
108.4745763
37.4912892
0
0
37.40740741
1442.857143
2036.864847
0
0
119.3455082
20400
97.56097561
0
99.88304094
800
617.9487179
98.41269841
300
119.375
35.44159544
420
33.57706093
434.375
0
0
37.88220551
99.98234278
5900
35.55555556
6233.333333
98.24561404
717.1428571
35.1048951
28.87096774
259.4202899
38.06451613
38
400
98.94587619
2600
0
0
1022.839506
37.5351092
31.01501502
96.96969697
4685
98.95506792
9470
99.9754424
23700
0
98.50746269
38.11764706
10100
98.03921569
962.5
36.23529412
0
99.4
173900
98.27586207
37.33333333
8700
33.18181818
38.4
2400
99.70631424
4700
2150
37.77777778
0
99.55357143
22053.84615
98.40016367
1168.227425
32.86919831
38.46153846
1433.333333
0
0
340
30.90909091
7400
38
35.73333333
837.5
753.3333333
0
0
36.13771794
1005.066667
36.66666667
900
0
99.98796596
8650
1147.563353
96.875
100
0
300
30
175
99.14070892
11900
0
98.29787234
5900
99.88317757
56900
97.66081871
30
99.02777778
10300
32.38019651
37.33333333
31.71058355
37.48691099
32.54079254
35.47619048
30.39464334
37.78947368
99.04761905
99.35332158
13500
98.52941176
0
98.90710383
9171.428571
38.06549158
302.2205045
0
0
36
0
980
99.98296422
129900
37.23076923
99.97540002
59300
0
0
97.43589744
6806.25
31.06669035
35.83333333
37.9375
15415.15152
0
34.3125
32.96703297
0
37.43589744
6012.5
0
100
98
5650
0
99.9853733
189900
38.48421053
99.57983193
25042.85714
0
99.09090909
950
1060.714286
97.7481103
142.4242424
35.75169058
293.75
97.46031746
800
0
28.12631579
0
1600
97.05882353
237.5
28.14814815
99.89583333
2300
37.85714286
0
99.0990991
99.92647059
3900
37.5
1500
36.36363636
1075.757576
0
0
97.27272727
3900
0
0
0
99.80198733
7900
0
0
0
37.14285714
1400
0
0
0
0
0
99.41964286
9900
400
0
35.51478084
97.91666667
0
36.24006863
98.26886342
0
0
0
30.65362189
97.39583333
9500
36.34868421
97.39130435
5900
28.85356957
0
0
96.875
427.7777778
99.97961432
7950
37.92307692
4344.444444
0
99.97659406
130400
98.85057471
156.6666667
263.6363636
0
0
98.75222816
45900
98.91304348
10700
99.07407407
1533.333333
37.55102041
0
0
0
38.64819451
98
5285.714286
99.71590909
36462.5
31.11111111
350
0
0
37.84101536
0
875.8653846
38.46290275
1144.444444
0
200.281294
300
0
35.50011993
0
0
0
338.1613757
30.8709434
0
32.69230769
1011.111111
36.19047619
36.955
217.8981938
28.61570248
0
0
0
192.0289855
0
289.7435897
0
30.90909091
390
1265.05425
0
36.52016564
1127.040635
0
32.66810041
0
823.9583333
37.97068771
0
0
99.54545455
204819.4595
38.04801359
775
37.2368254
36.82352941
1247.5
36.47495362
1034.736842
36.47495362
1034.736842
36.47495362
1034.736842
0
0
99.16666667
300
0
18435.41667
99.6403282
612.5
353.3333333
31.17647059
321.0526316
0
33.77777778
1622.767857
0
271.6450353
0
0
37.41176471
0
41233.33333
98.92473118
0
0
726.875
0
0
97.4025974
3750
36.97478992
31.11111111
5675
97.22222222
3650
99.58823529
24185.71429
33.3827883
3136.42732
99.16666667
32.20779221
99.79292972
37900
97.23684211
98.87625418
1614.285714
0
406.25
38.51851852
2728.395062
38.58577041
514.3333333
0
0
130.375
99.99625986
550300
0
99.29577465
1450
0
1127.272727
37.33333333
2600
38.51851852
0
0
0
0
0
0
99.6742671
243900
98.46311475
98.35641553
37.52323503
35
175
0
38.62295082
99.59819488
0
476.9230769
32.59259259
98.83040936
9066.666667
8628.571429
98.36333879
99.96791577
9100
98.36065574
99.99471231
9500
0
99.88699617
378.125
0
98.35980772
99.53684211
53900
0
0
0
0
0
36.10655738
34.28170572
35.39512223
36.52293431
35.58673622
30
28.57142857
250
505.4945055
96.72131148
0
0
36.34098361
0
38.24474251
98.35612044
34.66470267
1100
97.5308642
99.98660268
239900
225
38.10859729
99.92567938
2140
99.9162571
1900
99.97978748
119900
400
97.00925926
32.05073117
33.68553635
99.96747892
419900
97.09183673
99.98386771
599900
97.06363636
99.07550077
0
28.12105773
31.91304348
97.78726327
0
0
0
301.249505
98.42105263
34.53880536
757.1428571
33.33333333
200
33.33333333
500
32.45147376
0
0
31.34079057
36.10062893
28.85572139
328.5714286
0
3500
99.44444444
17900
30
36.44444444
96.96969697
3900
200
0
97.05882353
4400
35.875
765.4545455
35.42723826
328.5714286
0
0
0
0
0
0
0
300
0
30
36.35009311
971.4285714
0
0
99.99109018
190714.8148
38.65838509
35
2487.5
36.43044619
312.5
0
36.79169615
358.3333333
99.48849105
20809.09091
196.5217391
0
38.45052083
841.1764706
30
0
31.11111111
36
12837.5
0
38.55219444
2775
0
0
0
34.28571429
0
0
0
0
0
200
35.90373784
300
100
0
330.976431
30
425
38.0952381
605
0
0
35.81933557
0
575
0
200
0
0
96.66666667
16507.14286
0
0
232.1428571
0
0
0
3050
5614.285714
98.25
99.73333333
120.4724409
0
0
0
37.70060397
30.98777922
37.0856102
0
98.35835398
28.86826213
0
185.6696429
183.3160073
37.77777778
1700
35.16750421
97.05882353
486.6666667
97.33333333
4400
37.77777778
97.5
3900
98.94223424
98.38709677
5150
0
119.7619048
0
0
98.21428571
5900
0
98.64864865
7300
0
0
104.56621
37.88461538
2376.190476
38.46153846
0
0
96.66666667
2900
0
0
98.93162393
1550
506.0606061
104.56621
37.88461538
0
0
0
0
0
0
0
693.3884298
98.046875
0
0
0
0
5525
34.66666667
33.33333333
98.75
8766.666667
11950
97.9253112
269.1227125
97.35688889
0
36.88249079
0
38.57747489
69568.75
97.84695434
99.79125841
900
304.4518547
97.41299302
99.96272436
5500
36.20493359
300
800
35.55555556
9400
97.89473684
0
0
47509.18367
97.89956491
105.4882523
32.83199341
0
0
0
0
35.83333333
37.36585366
12344.44444
98.21428571
407.5
32.1182266
0
33.56725146
566.6666667
0
0
0
0
0
97.91666667
4900
0
97.59615385
4025
0
0
0
0
0
0
0
0
0
0
0
98.35899598
1233.333333
103.7037037
98.18181818
108.3333333
0
4900
98
37.77777778
99.91336076
1775
0
31.94152693
156.7567568
97.56578947
700
35
700
35
700
35
700
35
700
35
700
35
700
35
700
35
700
35
700
35
700
35
700
35
700
35
700
35
700
35
1020
99.25986842
36.88398849
38.15384615
35.88304094
31.11111111
97.56944444
0
37.14285714
2983.333333
0
31.66666667
516.6666667
0
30.73026733
33.45454545
99.98251748
11900
0
0
0
0
38.57142857
520
31.09922426
36.33333333
99.67426333
33.33333333
0
200
38
119900
96.66666667
99.56490241
0
99.91188141
20627.27273
96.78362573
0
98.83889695
9066.666667
0
35.0617284
816.6666667
32.72727273
97.82674772
37.33333333
98.03827013
2166.666667
37.38562092
99.14712154
30.25036232
235.6473024
98.84615385
5500
38.57142857
0
35
1900
38
2642.307692
37.81206171
1728.205128
38.54137447
2642.307692
0
33.13840156
585.5769231
34.06569831
0
34.2
0
0
0
0
99.99698817
22066.66667
0
0
28.33719334
0
96.77419355
100
0
300
30
1494.414063
98.59038883
35
506.2222222
0
38.24561404
2173.333333
29.96843371
38.08510638
32.46582201
35.94047619
37
36.49925484
756.9604087
38.36065574
0
99.98670343
278900
38.13620072
97.91666667
38.44481706
28.70915198
97.79411765
99.44306931
37.10526316
263.6363636
0
97.49380355
0
0
98.8
416.6666667
99.99250615
239900
35.96363636
99.97971311
5150
36.19047619
99.57446809
400
0
98.31578947
99.84962406
94900
37.97894737
2700
38.33333333
37.59219305
31.66253102
100
462.5
0
0
0
99.99114575
563900
97.16312057
99.90163093
101900
0
34.50980392
2479.813665
38.50487541
0
98.53479853
2300
0
96.79487179
145.2012384
96.96969697
0
37.77777778
500
0
0
6902.573099
98.82186164
29.59295651
36.3117986
0
98.08188266
98.40236686
344.4444444
33.11173349
0
34.92553191
99.00793651
37.83653846
32
99.3880049
1422.222222
36.36363636
31900
36.52618135
0
0
32
37.94871795
98.61111111
33900
99.83076564
39900
37.2
1125.324675
0
38.31730769
2350.649351
97.85714286
3900
28.29776916
37.05538462
317.9728318
30.06984127
0
751900
98.93617021
35.24072755
0
33.33333333
1500
0
36.32540292
0
0
0
37.17143146
0
0
99.7900314
5200
0
406.6666667
96.71052632
0
33.33333333
0
9500
97.91666667
73900
97.2972973
96.66666667
100400
98.50746269
0
37.67219258
407.1534467
96.66666667
164.3207856
98.1273977
1672.487196
96.66666667
0
97.75390625
1244.927536
96.66666667
261.7202108
98.41976768
1871.609786
96.66666667
0
33.33333333
400
0
33.33333333
29.03703704
0
168.2926829
29.18932628
29.8245614
98.85057471
2300
0
31.64054336
378.5
0
129.0076336
0
38.657289
2879.047619
29.25831202
272.3809524
0
114.0468227
30
37.18181818
683.8633687
34.71793029
0
29.41176471
35.55555556
3204.166667
169.3568726
0
0
0
37.49659864
1508.695652
37.51351351
1508.695652
37.51351351
2750
235.0877193
18100
98.9010989
99.77158747
30
780
10027.38636
38.08523071
38.12477461
2033.076923
0
0
34.28571429
98.57142857
48504.83871
35.06222001
34.66666667
37.15453086
0
0
0
0
1372.895768
0
98.96907216
582.4038462
0
0
668.90975
36.04906147
35.83900929
861.3095238
0
0
33.51923976
4300
33.80519481
30.81632653
700
28.88888889
0
98.33333333
36263.63636
98.33333333
98.33333333
35.55555556
35.55555556
35.55555556
0
32
35.55555556
34.28571429
99.60935019
9580
98.96694215
4500
36.52173913
29.6
38.66475416
600
0
36.7816092
0
0
10340
38.56960409
0
97.70409115
5834.163934
98.63113372
4775.573921
38.13541765
0
98.30508475
98.30508475
97.40346947
0
0
164.1456583
173.9130435
0
0
0
492.6773455
33.54759107
0
0
35.55555556
35.55555556
98.24561404
0
32.37288136
98.24561404
191.6666667
98.24561404
35.55555556
300
0
97.56097561
38.10001319
0
31.76672384
3921.381579
35.52392638
97.22222222
3300
0
97.07602339
800
277.7777778
30.58823529
300
30.11363636
33.93103448
400
0
0
267.3469388
0
37.82758621
0
0
0
0
36.33333333
257.1428571
0
951.3333333
97.93119848
1634.8659
37.34202868
32.90974259
464.1544118
32.90974259
0
588.6077217
33.90549775
34.103125
705.5113937
35.03421053
1462.100031
36.92948332
0
182.8409091
0
0
98.71794872
5300
98.14814815
0
38.50566038
102.020202
0
4195
0
166.6666667
37.79166667
0
97.71428571
3353.125
1856.923077
37.95597484
28.41628959
245.3125
28.41628959
100
97.22222222
300
265.625
34.52991453
150
0
37.77777778
148.1527094
98.12865497
98.24561404
38.24561404
0
35.2
400
32
31.44444444
2664.285714
37.46770026
400
0
38.28571429
150
98.24561404
34.07407407
0
552.5
28.35249042
100
36.77192982
0
0
0
0
36.8
2800
36.20689655
300
98.17073171
347.0588235
0
38.46153846
2800
35.86206897
0
34.28571429
600
34.28571429
600
100
100
36.3982684
0
97.08015488
3389.361702
97.13414634
300
37.87878788
2100
98.86363636
373400
98.98259705
702.6315789
1533.333333
97.95918367
400
0
300
37.94117647
28.75
866.6666667
36.59770115
0
900
96.66666667
0
300
38.23529412
38.44594595
685.7142857
354.5454545
38.4
2800
37.06206897
226.6769073
37.74294671
3633.333333
38.0625
150
0
38.13950617
0
0
96.84542587
1982.5
0
0
98.07923169
5362.5
0
173.125
0
31.31578947
36.51310228
2800
99.98084291
20200
30.3030303
0
0
96.66666667
300
1550
0
38.52187029
116.0864346
102.2222222
99.80769231
51900
36
0
2800
38.27586207
604.3733333
0
38.62190813
2802.564103
38.62190813
2802.564103
335
0
35.15151515
650
35.56
0
163.6363636
35.17241379
1150
38.1512605
32.5
300
32.72727273
891.6666667
37.04201681
98.24561404
0
0
0
35.13793103
34.32624113
836
0
0
35.13677812
836
0
0
30
96.875
34.28571429
500
503.7037037
35.58282209
35.55555556
38
1900
5300
100
36.95023148
0
29.17293233
269.4444444
29.17293233
269.4444444
0
96.68674699
0
0
36.98214286
98.42105263
8185.714286
98.79310345
31.11111111
350
511.1111111
33.45454545
0
36.09756098
30
200
0
0
0
0
0
0
28.15533981
337.2505346
37.82545795
151.7241379
0
655.1724138
34.70319635
30.34482759
33.33333333
35.6284153
0
122.2222222
1932.5
38.03198032
136.25
0
725
35.15151515
5400
37.10909091
2993.333333
37.98850575
98.66962306
6028.571429
33.34265734
0
123.951049
300
36.48360656
31.04895105
346.875
36.08391608
189.2156863
32.72881356
0
0
98.21428571
300
900
33.5483871
34.76363636
32
860
36.25
97.91666667
0
38.42080526
273.0994152
29.27899687
659.0643275
34.06779661
98.07692308
32
920
36.47058824
98.27586207
98.27586207
0
0
38.03125
97.88359788
4300
97.72727273
4625
113.3333333
0
5233.333333
98.125
753.3333333
35.3125
98.58156028
0
97.36842105
3657.142857
97.74397972
0
0
0
221
1239.563863
38.13953488
0
0
37.00416555
0
114.375
198.5422741
0
133.2361516
0
0
114.375
4308.163265
97.73148148
150.728863
34.41860465
185.8333333
97.19298246
98.24561404
98.24561404
33.33333333
35.0877193
98.24561404
37.49682661
135.2941176
0
98.24561404
379.7660819
34.44173574
0
645.6140351
37.42941176
0
366.5959703
31.42727273
0
0
35.26315789
33.19052933
300
37.01362782
0
0
28.08928571
2367.348544
37.80357143
0
4566.666667
98.21428571
207.5
919.5121951
36.59755449
0
0
139.5955882
31.65260089
446.1805556
815.4481882
0
36.17940199
402.173913
30.3030303
100
150
1900
100
100
98.24561404
98.24561404
33.75
100
38.3625731
100
0
0
97.0703125
119.0740741
151.0566357
0
30.87066779
4300
36.01683502
447.7599324
99.00645516
0
1625
35.74879227
290.9090909
98.27586207
37.11567087
29.93055556
303.4482759
0
2695.294118
36.44594089
0
33.6
140
35.83333333
2523.076923
0
0
36.21052632
955.5555556
0
111.1111111
99.06017391
1100
0
28.23073945
740
97.61904762
2618.75
0
138.6363636
99.98006398
4550
0
2971.428571
34.75968992
99.40828402
2900
463.3333333
437.305952
32.49566898
29.43396226
270.8333333
36.40449438
200
0
7650
29.67741935
38
96.66666667
2900
1012.5
99.08980475
160.8695652
0
98.38060283
1975
38.07228916
99.92443539
209.7826087
300
300
0
250
514.2857143
0
300
37.91304348
98.62297253
53900
37.94871795
300
0
0
37.33333333
6910
35.93657412
30.17013233
306.9230769
36.57142857
300
933.3333333
28.8172043
36.25
28.81749143
0
30.52419047
99.41413646
1700
30
900
33.20754717
614.2857143
37.93080282
0
185.7142857
155
36.63795317
400
32.71651294
0
97.42647059
614.2857143
905.5718954
38.48782101
614.2857143
0
98.10606061
5900
257.8947368
38.05882353
29.18238994
1290.909091
257.1428571
0
0
0
100
700
36.66666667
32
0
28.61612487
97.69410917
636.1111111
1275.471698
36.76767677
205.5555556
0
0
446.1302349
37.93007998
37.01188455
1252.380952
862.2405486
36.67516009
208.1664099
0
0
366.11387
37.41068378
35.57903291
566.6666667
1274.107143
36.7251462
200
0
0
675.4535097
96.91028424
38.0207502
3442.857143
1188.306452
37.03008172
244.2622951
28.38095238
0
35.55555556
0
30
0
8857.142857
98.88357257
0
0
8911.857708
98.89035088
30
0
8742.307692
98.86907351
0
29.3957115
9420.786517
98.94966661
0
37.64705882