500
50
1100
55
1700
56.66666667
500
50
500
50
1100
55
1700
56.66666667
1700
56.66666667
1700
56.66666667
1900
57
1700
56.66666667
1700
56.66666667
1900
57
0
54.70588235
0
0
0
0
0
0
0
54.70588235
0
0
0
0
0
0
1700
56.66666667
1700
56.66666667
1700
56.66666667
500
50
1100
55
870.5627706
99.37555754
1900
20300
99.50980392
5900
1700
56.66666667
0
3005.555556
99.64221825
1550
56.36363636
1550
56.36363636
1550
56.36363636
1700
56.66666667
0
50
0
50
500
50
500
50
100
50
0
51.42857143
0
500
50
1700
56.66666667
57.59149941
233.3333333
45
300
52.5
242.8571429
56.66666667
1700
56.66666667
1700
56.66666667
0
50
1700
56.66666667
1700
56.66666667
500
50
99.73901406
11733.33333
99.85915493
1100
2530.166667
99.6831633
31462
99.6831633
1700
56.66666667
1700
56.66666667
1700
56.66666667
1700
56.66666667
1700
56.66666667
1900
57
51.2195122
483.3333333
49.71428571
0
0
870.5627706
99.37555754
1900
172.5517241
99.56140351
6400
0
97.39583333
46.66666667
350
237.7777778
42.23684211
54
5200
98.11320755
500
50
177.7777778
51.35714286
0
0
5974.442105
98.35375828
0
350
0
130.4444444
0
0
379.338843
47.48275862
1966.115702
55.72
0
44.67882633
0
98.46153846
0
99.12769489
0
217.7083333
6527.612088
99.50529867
0
0
0
0
210
0
0
0
0
4462.5
51.78082192
49.33333333
0
301.0416667
43.37662338
260.9375
43.37662338
0
0
260.9375
43.37662338
260.9375
43.37662338
0
301.0416667
43.37662338
260.9375
43.37662338
0
410
46.92810458
344.6666667
46.50674663
359
46.92810458
260.9375
43.37662338
0
394.0740741
47.85607196
301.0416667
45.03896104
301.0416667
45.03896104
97.43589744
3900
97.1875
0
125
0
0
212.5
0
54
42.73865122
52
0
50
366.6666667
0
0
1550
98.18181818
0
0
266.6666667
46.42424242
42.85714286
0
0
8731.210191
98.72610891
0
170
45
1988.888889
57.12765957
100
0
100
0
48
2400
0
134.2857143
49.02439024
50.25
2361.538462
57.5625
2521.648072
57.7113633
47.69230769
51.42857143
0
98.9010989
1366.666667
55.90909091
397.4452907
0
56
668.4322034
56.33995037
0
0
417.8571429
0
57.68907563
18476.27119
52.24817518
0
54.43242252
0
1153.066403
55.21174617
0
0
352.3809524
0
0
4028.045867
57.02083333
0
0
0
0
103.5002035
0
0
0
0
57.70904926
2519
57.70904926
2519
98.27586207
99.15254237
52.38095238
400
0
98.30508475
99.66329966
48
150
1100
0
254.5454545
0
0
0
0
0
140.6015038
0
2666.917293
57.83152174
260.9022556
43.375
0
0
140.6015038
400
49.71428571
0
0
0
0
0
1207.142857
55.40983607
0
0
50
2750
55.0877193
430.3571429
50.3030303
0
206.4285714
0
0
177.5510204
0
47.38636364
0
0
676.4705882
115.6565657
56.41686183
0
10100
97.66339869
462.619199
2433.333333
353.9487462
99.76811665
9400
57.15789474
2033.333333
0
54.89690722
0
53.40659341
725
0
997.1428571
54.53125
894.2857143
53.96551724
2063.428571
57.22662441
49.71428571
575
51.11111111
575
51.11111111
483.3333333
49.71428571
575
51.11111111
483.3333333
49.71428571
483.3333333
49.71428571
483.3333333
49.71428571
490.8513846
99.02952085
7409.375
97.5031211
12716
99.32376196
938.4615385
42.08
57.37158468
55.51034891
99.5412844
65900
55
1688.143251
96.69699282
0
47.48043818
274.8197115
0
224.84375
52.61183261
712.109375
52.61183261
3500
45.97303922
713.1661716
98.90410959
1127.777778
0
52.5
0
101.9919623
429.9512468
0
46.35777406
971.6210148
54.08238384
55.22946018
1263.095238
55.59825328
1263.095238
55.59825328
1157.719298
55.22946018
1263.095238
55.59825328
1263.095238
0
99.46994002
18765.78947
51.25401032
586.0287081
51.25401032
48.36932915
171.3642473
0
57.72413793
0
0
0
725
0
53.75
860
3256.800766
97.4398987
4449.090909
97.44204636
53.75
725
0
0
0
0
580
51.17647059
56
900
0
43.03030303
51.42857143
250
42.85714286
250
99.375
600
8360.78253
97.2646907
98.85057471
0
560
0
0
56.17021277
0
0
150
0
2450
57.64705882
150
48
400
48
400
98.12414842
0
0
0
3785.714286
97.42647059
204.7619048
1971.428571
50.89655172
0
1500
0
98.33333333
400
0
0
0
0
99.12280702
0
340
0
0
0
0
0
0
0
219.1176471
99.53917051
100
0
100
0
100
0
100
0
100
0
233.3333333
42
233.3333333
42
233.3333333
42
100
0
0
0
100
0
100
0
51.42857143
1325
51.2
42.77511962
248.3333333
42.77511962
2025
57.17647059
290.9090909
53.60465116
838.1818182
53.60465116
838.1818182
0
0
0
9849.333333
99.24953096
489.2857143
49.81818182
55.71428571
0
0
0
4820.32967
97.96761586
0
225.7142857
0
0
0
0
0
0
0
0
100
56.25
0
2805.215827
98.72642853
49.86486486
492
356.0810811
46.84444444
0
0
56.1319797
901.5748031
0
0
269.1118083
96.95326315
0
49.51733245
439.6825397
57.05882353
1940
42.35294118
240
1248.039216
55.54909091
0
0
54.11764706
920
54.11764706
21901.73077
57.7130857
1066.666667
44.57142857
0
97.56756757
0
527
55.215311
3984.736842
0
0
256.1069958
179.2544748
0
0
57.61904762
3620
55.95698925
0
15638.66667
99.36462216
433.3333333
207.5
0
1622.710177
0
0
1191.034483
0
57.69230769
98.38709677
4850
97.97979798
0
0
2500
4600
0
51.17647059
52
650
52
650
0
0
2280.826737
57.49649058
752.5896414
54.20560748
219.3548387
0
0
0
0
0
219.2851824
0
42.57632167
0
0
1652.866242
56.57703488
0
0
0
1014.16309
54.63405239
98.76149334
0
52.40591398
6088.495575
0
48.75
98.00884956
0
99.16666667
7455.555556
2772.058824
57.9109063
1217.013575
55.06662169
13454.44444
99.26223461
0
0
55.35484349
515.8940397
50.25806452
0
9565.680473
98.96541169
98.27586207
98.38709677
940
54.23076923
2800
99.08045977
375
0
0
0
0
0
220
0
2193.333333
97.6744186
52.5
166.6666667
0
0
0
98.27586207
5361.633493
99.45216896
323.75
97.05014749
2622.222222
0
0
0
0
0
2366.666667
57.83209459
0
0
143.5714286
0
0
49.60714286
0
0
0
0
57.63157895
9729.869281
98.7340173
135.7142857
47.72727273
470.3703704
0
0
391.6666667
98.30508475
11900
56
125
1855.555556
56.93181818
47.5
380
47.5
0
0
55.90909091
200
411.1111111
48.26086957
466.6666667
49.41176471
0
0
0
0
0
48
400
0
0
359.2592593
0
97.10526316
27433.94495
56.51339464
186.4583333
49.52727273
330.46875
149.7277677
0
2049.969231
57.05823423
0
152.2167488
0
152.2167488
0
1539.408867
56.34014423
110.180624
0
48.1773399
407.5
48.1773399
540
0
916.9491525
47
1218.540925
54.39940373
56.25
316.1290323
0
55.5
200.6060606
1683.783784
56.20234604
51.16071429
578.7878788
0
0
0
0
238.2173382
48.1732852
0
11577.05474
99.40683613
0
178.0208333
49.88385163
498.1538462
163.0315501
0
1705.737185
57.86568354
0
285.4014599
44.43181818
0
1088.019129
97.45762712
4900
56.027
0
231.0833333
0
0
194.375
46.92144374
358.7662338
46.92144374
250.6493506
0
6178
98.93809069
150
0
0
34429.88827
99.71039582
337.6666667
46.29093679
337.6666667
46.29093679
5843.816698
98.31757934
55.83333333
1335
0
0
140
46.66666667
350
46.66666667
98.24561404
0
99.67105263
220
7000
99.43661972
7000
57.88732394
0
671.4285714
0
98.88888889
191.6666667
0
0
3766.666667
99.48275862
0
220.625
0
0
0
400
48
3224.902869
57.58921529
0
0
0
0
45.71428571
320
45.71428571
5700
54.67980296
0
99.23115079
1150
0
0
1400
48
1900
930.1403509
98.01310217
400
49.71428571
0
0
0
0
6000
98.36065574
0
0
0
56.59090909
940
54.23076923
9340
98.94067797
0
0
0
0
0
0
0
0
0
0
0
0
48
300
48
0
700
46.5
301.5531892
97.02662722
53.6
2733.243119
0
43.94489592
0
57.40540541
0
45.88235294
220
20212.5
99.42307692
44
0
4400
44.28571429
0
211.1111111
0
918.5185185
54.10909091
522.2222222
47.77777778
57.66233766
2525
57.71428571
2525
57.71428571
2466.666667
57.66233766
2525
57.71428571
2525
0
57.66233766
2466.666667
2300
0
57.69230769
8966.666667
98.56440571
357.1428571
46.66666667
0
55.70358402
5446.666667
98.07692308
0
47.2
4600
52.9787234
0
138.1996234
98.13415136
530
50.47619048
530
50.47619048
530
120
98.25174825
345
97.37827715
1385.714286
98.07692308
100
0
143762.201
98.70246204
419.1071429
48.44169247
419.1071429
0
54.8630137
1172
56.30503145
226.8085106
46.27232143
46.34146341
339.2857143
49.75609756
0
900
56
1400
653.3333333
52.03539823
693.3333333
52.43697479
96.66666667
300
650
52
650
1200
98.65384615
407.9365079
54.375
110
433.3333333
454.0332512
0
0
0
0
0
0
600
0
56.2683042
200
670.5555556
53.28406633
0
0
56.92307692
0
55
300
0
6306.842105
97.18113859
909.9667774
97.53289474
46.66666667
350
46.66666667
0
802.8571429
97.0464135
0
48
0
54
98.83886016
0
0
99.72527473
51356.95364
55.07355212
43.91520905
840.2294708
56.41860465
0
329.6675192
1024.092675
56.21180192
0
916.2994627
54.09622831
0
0
48.85448916
6033.333333
0
0
99.78723404
1942.857143
0
0
0
0
45.23076923
52.5
116.6666667
0
116.6666667
0
0
2825
57.94871795
983.7762238
55.05859994
10670.83333
99.07156673
0
0
2825
57.94871795
983.7762238
55.05859994
10670.83333
99.07156673
0
0
2772.058824
57.9109063
1217.013575
55.06662169
10667.77778
99.07130327
0
0
2558.139535
57.74278215
1306.511628
55.12987013
10643.33333
99.0691902
0
0
2766.776316
57.9070568
901.6447368
55.17241379
10814.28571
99.08376963
0
0
1030.769231
54.69387755
0
2801.315789
57.93197279
1124.232456
55.10971787
14288.46154
99.30499866
0
0
1078.04878
54.9068323
98.88888889
5750
2686.324786
57.84662577
1368.2861
55.42780749
10655.55556
99.07024793
0
767.5065492
702.4244794
0
2618.75
57.79310345
1281.153846
55.11278195
10650
99.06976744
0
0
2686.324786
57.84662577
1269.625247
55.13997696
39977.0416
99.75048058
228.8135593
0
99
6312.5
2722.612086
57.87430939
1337.980917
55.3860523
17894.87179
99.44428612
50.76923077
99.23076923
8000
2751.851852
57.8961039
960.4288499
55.42780749
20234.72222
99.50823031
100
0
0
208.5714286
0
362.8571429
47.03703704
2231.428571
57.42647059
1280.952381
55.2237931
11783.04094
99.15846457
0
1031.313131
54.69642857
0
2562.5
57.74647887
917.6923077
55.17625232
14543.75
99.31711481
0
0
98.88888889
8900
0
2696.568627
57.85451358
1387.109084
55.50746988
577.9661017
51.15
0
7963.241107
98.75980392
1006.719368
54.57857143
0
0
0
14042.85714
96.96969697
11766.66667
99.15730337
0
48.54545455
47.87252369
99.37432628
0
45
500
0
52.70470019
54.38202247
0
97.56416575
50
56.25
98.92473118
1271.446488
48.11156836
55.14
6616.049383
98.51102941
0
51.88324842
0
45
0
184.959276
0
184.959276
0
184.959276
99.63302752
6600
613.7764784
97.11174685
1118.461538
6300
0
98.46153846
96.875
25349.6318
97.14632414
3944.75043
97.52765957
140
0
0
45.40540541
53.33333333
800
0
0
57.75
150
700
0
0
99.85507246
40014.28571
2993.660969
96.76758375
1027.305443
54.90635475
254.2589216
43.06323529
0
254.6453546
43.08169014
0
10019.10549
99.01177036
0
0
0
98.88888889
5788.888889
2600
57.77777778
929.59285
55.60460069
10436.58537
99.05092593
0
0
2558.139535
57.74278215
1306.511628
55.12987013
10643.33333
99.0691902
0
0
100
0
700
0
14150
57.89473684
98.93617021
100
500
0
167.8571429
144.4444444
98.93617021
100
98.93617021
100
44.58873208
99.48193543
300
12275
0
56.991
1216.051844
54.97520661
98.93617021
100
320
96.82539683
56.80709534
400
100
0
98.93617021
100
1400
0
0
98.93617021
100
98.93617021
100
0
0
45
2015
0
55.71428571
9300
98.93617021
0
200
0
0
0
0
99.10714286
0
150
0
97.43589744
5400
98.18181818
1100
266.6666667
96.96969697
185900
98.92473118
57
1900
99.11504425
57.71428571
42.236745
99.21585028
0
167.8571429
966.6666667
97.5
300
237.5
0
0
0
0
0
300
45
0
0
54.66666667
1100
54.03726708
57.94285714
0
0
0
49.61538462
6857.580418
46.20209983
56.66666667
326.6666667
0
0
43.09756098
0
54.30508475
1480
415.6799539
52.9666264
98.00569801
4914.285714
154.2735043
0
97.2972973
1900
52.68292683
1100
57.5
98.28336557
3866.666667
57.4789916
6700
55.29411765
0
0
97.52747253
3944.444444
54.21354765
0
51.38217419
238.7212644
42.60263596
0
4528
50.66551426
55
11500
97.84482759
0
0
98.27586207
13348.27586
98.71794872
0
2558.139535
57.74278215
1306.511628
55.12987013
10643.33333
99.0691902
0
0
2558.139535
57.74278215
1306.511628
55.12987013
13026.66667
99.23819198
0
0
0
2774.80457
57.91290161
937.0014031
54.59331993
241.8275418
42.44728916
0
0
0
241.5966387
42.43542435
0
8642.857143
98.85620915
0
1095.061728
54.97933884
0
2693.209877
57.8519337
1242.592593
55.19211823
10098.77049
99.01948965
0
1021.478873
54.64992151
98.88888889
5788.888889
2667.924528
57.83231084
1260.580552
55.09844994
10655.55556
99.07024793
0
0
2558.139535
57.74278215
1306.511628
55.12987013
10643.33333
99.0691902
0
0
2662.068966
57.82771536
942.7586207
55.12987013
10643.33333
99.0691902
0
45
0
2728.125
57.87845304
972.6704545
53.88209121
214.2857143
0
528.5714286
0
0
0
8394.520548
98.82277052
1021.917808
54.65201465
98.88888889
5728.571429
2627.941176
57.80053908
954.4955324
55.81204819
10063.17016
99.01605505
0
938.961039
54.225
51.17647059
48
320.5607477
98.33333333
0
0
52
99.8152545
17423.87273
139.9014311
97.1455771
0
0
0
144.5449975
98.75440658
52.75471698
728.125
52.75471698
728.125
109.0618337
0
0
0
175.2013635
0
97.64705882
0
57.81818182
0
97.05882353
98.7654321
98.49915361
0
1997.777778
57.13983051
45.48148148
313.2653061
45.48148148
98.94813589
0
0
9810.838663
98.99100365
47.54249636
381.6374269
47.54249636
97.82543038
0
98.99965565
0
4539.260401
97.844484
0
0
0
0
42.66666667
45.07826087
99.62264151
11375
2889.106754
57.99271137
1191.503268
55.1417004
233.3333333
42
0
0
55.15151515
773.90625
53.13427499
773.90625
208.09941
0
271.0917219
51.23371305
13213.7931
99.24889925
0
49.69957082
45
52566.66667
98.97151899
1723.636364
98.74920692
0
0
0
99.16666667
7455.555556
2772.058824
57.9109063
1260.090274
55.22287136
584.4444444
51.23376623
0
0
0
12611.11111
99.21328671
0
57.14285714
900
99.03846154
7820
45
316.6666667
0
0
44.62732919
0
0
56.36363636
3900
0
0
57.72332016
1560
0
0
0
0
2558.139535
57.74278215
1306.511628
55.12987013
10643.33333
99.0691902
0
3058.043997
98.87014237
1114.798206
55.06090808
0
2924.834437
96.69403394
981.4857041
54.53474419
0
589.3617021
2475
99.43264563
51.3368984
1119.340378
55.07930672
98.27586207
98.27586207
98.88888889
5728.571429
2696.568627
57.85451358
1282.08061
55.2
10079.31034
99.01761518
0
1011.764706
54.6031746
51.52375195
98.88888889
5728.571429
2696.568627
57.85451358
1310.135002
55.26223919
516.3328197
0
0
146.5331279
5000
98.8002451
1044.024515
54.75535714
0
2688.906009
57.84861878
1234.123504
55.04530917
9774.125874
98.98725212
0
99.54545455
13011.11111
2905.084746
96.67230682
1003.937419
55.0255102
10683.33333
99.07264297
0
98.5
441.6666667
98.5
441.6666667
51.912468
0
2742.857143
57.88944724
1138.282209
54.71408496
528.5714286
0
0
51.42857143
50
5942.307692
99.02783404
0
97.87852886
1091.474554
449.5582652
0
698.7742594
52.48849105
0
2293.089431
57.4927807
823.1310322
54.05082298
0
583.8559814
0
42.45244565
0
0
97.69181789
2506.896552
98.61111111
7100
0
241.902109
42.45111732
50.57381616
536.5248227
0
8042.991507
98.77195009
99.89641778
94691.66667
412.7032967
48.2973251
0
203.9751553
125.4072042
0
701.056338
52.50989011
0
2732.352941
57.88161994
960.4524887
55.09844994
11526.38889
99.13988771
0
99.54545455
13011.11111
2905.084746
96.67230682
1003.937419
55.0255102
10683.33333
99.07264297
0
3900
42
3833.333333
97.45762712
0
0
98.7804878
654.2857143
52.04545455
654.2857143
52.04545455
604.7619048
51.48648649
604.7619048
51.48648649
604.7619048
42
50
100
175
57.66233766
0
200
98.31356393
44
56.8902439
0
98.79518072
300
0
46.52054199
56.15384615
2846.666667
53.80769231
0
54.04166667
0
54.04166667
0
55.67307692
53.33333333
99.96916895
4400
97.77777778
4400
1388.888889
54.91542289
6560
56.43243243
0
51.75
133.1818182
98.88888889
2220
98.27586207
98.21428571
97.33333333
3650
0
56.66666667
98.78378378
0
7200
99.5890411
1261.111111
55.59183673
733.3333333
172
57.35294118
733.3333333
52.8
733.3333333
172
57.35294118
733.3333333
172
0
172
0
172
57.35294118
1400
57.47839046
0
507.9787234
99.56255468
28830.06993
55.14099244
0
98.26839827
5757.142857
0
0
1932.729881
56.10560152
1300.701992
55.71643359
207.8446731
0
700
380
337.8947368
99.52423878
233.3333333
42
233.3333333
42
233.3333333
42
326.6666667
45.9375
326.6666667
45.9375
326.6666667
45.9375
233.3333333
0
0
42
233.3333333
42
233.3333333
45
97.82608696
98.35164835
99.74362611
10500
0
0
57.77777778
10765.7337
57.23902676
48
2371.680672
47.68044742
510.8374384
49.35483871
0
54.40559441
725
56.36363636
6900
55.28571429
341
0
0
97.71232485
700
446.40625
0
214.88006
0
0
0
0
54.74637681
600
51.42857143
1000
54.54545455
3800
97.43589744
1042.068966
54.74637681
1042.068966
54.74637681
300
45
3330.177515
97.08469898
100
0
1700
56.66666667
1064
54.84536082
1072
54.88054608
5914.814815
0
48.61955461
53.27443709
774.3944228
49.94594595
0
774.3944228
53.13810811
0
50
99.46998755
891.6666667
53.94957983
98.27586207
52.86290323
5980
98.35526316
287.5
132.2580645
53.75
52
650
52
650
46.95652174
54
0
8600
98.85057471
11500
98.27586207
0
97.35449119
2177.807487
0
0
494.9871887
53.41059646
0
47
3828.445474
97.40688373
0
96.80851064
97.17695257
54.7826087
0
38270.0495
55.74972315
2180.645167
57.36916549
48.41083291
417.7248677
157.5370465
0
194.3280531
0
727.7976495
97.77777778
443.6111111
0
0
100
292.5
98.40764331
0
4114.285714
97.62711864
99.17012448
100
0
100
0
0
53.35142469
56.72727273
1733.333333
56.72727273
1733.333333
287.5
45.48387097
113.3333333
0
6300
97.1875
5600
98.24561404
100
0
6800
98.55072464
800
53.33333333
1300
4400
98.88888889
20400
99.51219512
200
56.47058824
2900
52
45
51.42857143
0
0
8700
98.86363636
98.7804878
99.49238579
8900
98.88888889
45
0
8700
98.86363636
51.52941176
0
45.9375
860
53.75
3281.21547
57.83563577
43.60248447
265.9090909
45.0931677
311.25
0
57.62589928
3063.636364
96.83908046
9000
180
98.9010989
98.32380952
98.25174825
5620
500
98.07692308
0
8700
98.86363636
8243.75
0
55.57508343
0
0
3829.399368
98.93961741
374.7252747
0
0
1146.65404
55.18711703
49.30555556
461.038961
0
0
206.25
0
155.2083333
0
98.27586207
308.3333333
150
57.23076923
0
344.4444444
0
0
5142.105263
98.09236948
0
0
0
0
0
57.96474359
4880
97.99196787
0
0
0
0
0
97.89473684
100
3385
97.13055954
3100
96.875
46.5
0
0
0
0
0
1050.684932
54.78571429
146.5753425
0
96.66666667
96.66666667
98.88888889
662.5
52.62295082
113.3333333
0
5233.333333
98.125
860
53.75
0
5400
98.18181818
98.27586207
965.2244435
98.81622223
0
0
212.3595506
57.62589928
3063.636364
96.83908046
15500
99.03846154
10400
98.94179894
2930
96.69966997
0
0
98.7804878
1500
53.14285714
8600
98.85057471
55.90909091
52.94117647
54.375
9400
99.22807018
4304.545455
54.76160991
1699.054374
56.66491459
526.8058839
50.42765846
0
53.92857143
0
0
0
0
14250
0
54.90969345
0
0
9680.859917
98.24730573
56.2569738
0
10308.68538
98.39823218
98.96405263
1466.666667
56.17021277
52.5
700
98.13278008
3944.444444
97.52747253
54
0
205.4545455
57.5
0
100
9100
99.86413043
700
98.20872929
44
2484.914596
0
3312.5
52
98.60966953
0
49.88997053
96.79633028
0
494
0
0
0
56.86956522
0
0
100
4167.123288
0
56.03658537
4773.846154
45.45454545
54.921875
15666.15385
99.3657299
133.8461538
0
569.8039216
51.04215457
569.8039216
53.06833389
0
470.6031746
51.86324691
0
569.8039216
51.04215457
569.8039216
53.06833389
0
498.6904762
0
0
49.97812686
48.57142857
0
498.6904762
49.97812686
48.57142857
232.2291022
46.6927593
350.8823529
46.6927593
350.8823529
0
592.0454545
53.75763547
0
0
0
382.1428571
0
48.33333333
51.42857143
25569.23077
99.61042853
26180
45.08371385
55.71428571
47.14285714
366.6666667
1502.857143
56.25668449
245
57.77777778
97.01696438
0
0
99.51910232
21837.5
0
2004.504505
57.1489726
57.60823171
0
0
4676.923077
97.90660225
50.29411765
49.09090909
0
6263.636364
98.42857143
0
0
0
53.30386695
102.4096386
0
5639.759036
98.25776658
96.882494
3469.230769
1400
0
98.4375
580.5555556
45.12244898
0
375.2
0
0
5202.793448
97.45281974
0
0
0
0
0
2029.166667
57.18199609
0
0
0
55.34574468
780.4571429
54.50934579
0
193.75
240.4255319
42.375
57.27659574
2103.125
208.6524823
0
536.1054767
49.88839286
0
53.84615385
1736
52.48366013
6095.652174
52.26947368
0
494.1901408
49.33333333
46.66666667
0
4907.407407
98.00295858
55.83333333
1340
55.83333333
0
0
0
0
52.21621622
733.3333333
100
0
97.43589744
4900
6900
98.57142857
0
0
0
849.6230159
96.8575667
0
0
0
0
0
97.22222222
3900
470
50.52631579
50
142.4242424
0
6748.484848
98.53982301
57.85714286
3766.666667
1000
0
0
0
0
54
1533.333333
57.24489796
0
98.50993902
0
6305
99.60967994
14112
97.36138475
7900
98.33333333
48
1070
0
0
3664.600551
56.89210055
98.66666667
51.42857143
50
415.2542373
99.67105263
300
49.20770878
45.47619048
1493.442623
56.2345679
883.6065574
53.664
2326.136364
96.91176471
48.57142857
166.6666667
125
0
98.46153846
98.88888889
51.42857143
5400
98.18181818
0
0
0
1066.666667
0
97.25375934
57
2733.333333
22305.49188
53.97590672
57.33279541
1911.764706
187.7192982
0
57.33279541
57.88235294
63205.55556
99.84203598
63205.55556
99.84203598
63205.55556
98.52941176
2700
98.21428571
5100
55.38461538
0
0
98.93617021
100
0
266.6666667
96.96969697
0
0
4353.125
97.89473684
0
3724
97.38493724
0
0
49.09090909
4800
97.95918367
8266.412214
97.55968674
0
53.76623377
400
0
1139.072165
57.09460022
0
3540
52.17032967
47.36842105
6460
99.3902439
400
48
1100
891.257732
55.15766703
0
100
56.25
400
48
7900
98.75
1300
4200
97.6744186
6400
98.46153846
700
0
98.26490815
0
53.63636364
842.8571429
1013.636364
54.6122449
191.6666667
0
934.0909091
98.07692308
402.8571429
433.3333333
98.27586207
98.71794872
9775.776398
1012.5
43.46067416
55.38043478
43.05882353
254.1666667
0
267.5
97.95918367
55.71428571
45
0
97.05882353
15712.5
97.8972332
5191.353383
97.42451155
0
1164.197531
54.55078125
54.83870968
1158.888889
55.23389232
1158.888889
55.23389232
1158.888889
55.23389232
1158.888889
55.23389232
1158.888889
0
0
54.83870968
1062.5
54.83870968
99.09842562
306.993007
48.65979381
0
51.42857143
511.1111111
650
52
56.12198721
97.27891156
0
56.29526704
0
56.66868565
98.54077253
52.15263158
2888.461538
48.28828829
0
48
18900
99.47368421
337.5
0
98.24561404
5150
98.0952381
926.6666667
54.15584416
926.6666667
54.15584416
954.2857143
51.46341463
602.8571429
51.46341463
602.8571429
0
50.20408163
52.5
0
0
0
48.75
0
0
2078.796343
96.87066584
3557.142857
0
54.921875
57.52066116
48
300
0
4372.049689
97.5
0
55.71428571
700
44
150
5876.744186
339.4811933
99.74619289
300
45
835
53.5828877
835
0
133.75
46.52406417
252.3809524
0
0
150
0
25500
98.2421875
52.5
6600
55.97014925
1411.111111
56.02941176
0
0
0
99.64835165
12700
56.4453125
48.94736842
51.42857143
98.4375
3250
98.50746269
51.83673469
98.51941921
55.38461538
26700
0
57.76119403
54.62686567
46.875
45.71428571
3320
97.07602339
53.38235294
8400
56.82352941
5300
98.14814815
97.73333333
52.94117647
750
223.5294118
0
0
99.13305415
566.6666667
0
0
7960.606061
57.83689994
0
139.7435897
1047.058824
54.76923077
0
0
220
241.8803419
57
7100
0
1361.406501
57.61726607
43.38461538
98.95229186
54
900
54
900
54
900
54
900
920
0
743.75
52.41481481
900
55.5
0
0
2409.52381
47.84629981
237.5
99.30555556
1900
900
0
46.35
0
147.6190476
900
97.30769231
900
97.5
6900
42.71428571
371.4285714
96.96969697
4900
50.13
1766.666667
56.78571429
900
57.6
900
0
51.99758577
126.4567799
0
54.10051907
126.4567799
0
44.54545455
55.22727273
300
102.5
640.7407407
51.9
0
55.55555556
10733.33333
52.52307692
0
480.5724589
0
0
54.39393939
45.58823529
99.22375266
55.2
29400
99.83050847
400
8268.75
54.470796
156.4102564
0
0
46.52109375
96.96969697
49.01601831
0
0
455.5555556
0
0
0
55.54400865
130.7692308
0
53.76494845
0
50
0
56.09929078
990.9090909
0
392.3076923
45.15
54.54545455
97.43457114
1560
0
0
54.54545455
0
0
54.11764706
8900
53.86666667
0
309.731114
48.6975
900
54
54.44885012
53.23529412
44.34782609
1000
0
900
54
900
54
0
0
150
200
0
0
99.10076043
768.9655172
53.0952381
4075.212718
97.60491245
10965.84781
99.61437737
142.4242424
0
142.4242424
0
142.4242424
0
134.3434343
0
134.3434343
0
142.4242424
0
142.4242424
0
242.6573427
42.48979592
225
0
242.6573427
42.48979592
134.3434343
0
225
0
142.4242424
0
142.4242424
0
98.70753525
0
57.33333333
440
0
0
0
275
98.88888889
98.93004723
0
98.88888889
51.11111111
150
98.9010989
3733.333333
52.17391304
48
47.69230769
50.85714286
162.1259653
55.50379747
738.0165289
0
52.45
0
99.33687003
150
500
0
98.88888889
48
400
0
0
49.82065997
46.04651163
0
52
650
52
650
50
300
57
875
53.84615385
97.20730397
275
52
98.38709677
1900
0
0
0
44.12698413
57.7417487
52.43961702
350.4056616
0
0
552.3076923
103.7735849
99.76851852
9136.8
98.91737398
6530
43.19621555
47.88249694
395.1515152
126.1933905
54.95388899
49.98275862
912.0481928
98.85057471
45.81916786
53.95435594
0
0
57.7417487
2556.923077
57.7417487
98.85057471
97.98657718
0
3250
128.358209
98.20261438
900
54
0
44
275
44
275
44
100
1650
171.4285714
98.94736842
275
44
175
0
175
0
0
48.79734848
50.10989011
650
44
1127.692308
7671.714202
99.2873069
51.17647059
112.5
225.3781513
3860.12446
56.18719722
97.12643678
27100
52.12848297
98.87905605
1850
357.4898785
48.41940181
0
0
0
49.21348315
457.5657895
628.6135693
49.21846154
278.8527397
43.91283293
1134.587598
54.21358445
0
135.4347826
0
135.4347826
721.1757464
247.8448276
99.87608426
15685.19553
99.36649502
16400
55.63636364
1225
0
281.3169388
0
97.86585366
742.4489796
0
51.83856502
635.1648352
51.83856502
742.4489796
52.87790698
635.1648352
51.83856502
635.1648352
51.83856502
635.1648352
51.83856502
635.1648352
0
99.16666667
62462.5
53.18439985
56
1400
433.3333333
48.75
2184.615385
50.80808081
53.33333333
567.0993746
0
5089.473684
98.94892126
0
0
99.96343693
17654.28571
111.818038
54.25635479
42.5
113296.3759
0
0
0
219.5691203
0
0
540.9399006
50.63874788
0
0
0
0
542.1657096
50.65661727
0
580.7893677
50.63653573
0
0
1040.837495
54.61947737
567.0993746
0
5089.473684
98.94892126
0
0
0
8895.673077
98.88835444
419.2307692
48.44444444
1124.519231
55.10011779
0
97.22881892
1680.078125
0
0
8895.43379
98.88832487
420.5479452
48.47368421
1114.611872
55.06015038
0
8392.857143
98.82253995
392.8571429
47.82608696
1050
54.7826087
56.40390879
44030.43478
99.00582176
43.2784702
44.06139315
191.1111111
18022.1374
99.0547599
335.9375
54.58333333
335.9375
54.58333333
98.11398109
6088.495575
0
54
0
0
319.3548387
130.7692308
44.72727273
10186.30952
99.02783404
0
1450
56.12903226
0
0
29878.26087
99.02683104
98.66868448
360
31421.73913
98.98432602
46.72029139
0
32122.22222
98.98432602
56.51499533
0
8020
98.79086431
98.07692308
567.0993746
0
5089.473684
98.94892126
98.6013986
54
50.32258065
0
0
54.00528348
0
55.21551724
7776.54321
98.88857224
98.27586207
98.16743325
0
390.9090909
47.77777778
1045.454545
54.76190476
47.34895948
0
26453.19149
98.85022385
401.7699115
48.04232804
1070.79646
54.87528345
335.9375
54.58333333
335.9375
54.58333333
54
567.0993746
0
5089.473684
98.94892126
567.0993746
0
5089.473684
98.94892126
54
54
42.05576457
5229.72973
98.94892126
42.05576457
5229.72973
98.94892126
0
0
322.2222222
0
0
200
0
0
98.42883549
0
0
97.06515166
736.587963
97.21089301
0
53.75
3085
0
517.868198
97.81076772
2013.548387
0
379.3827411
42.67733564
0
119.7514716
463.8664819
54.80120088
518.0555556
48.24702205
2011.85948
98.64194203
50.52631579
14806.66667
0
0
1591.286989
99.86705586
2642.826667
0
57.62331221
2468.57971
97.92362553
4716.086957
97.92362553
107263.5438
44.61538462
0
97.43589744
3900
0
2579.487179
54.10526316
0
47.13043478
0
156.6666667
42.46753247
55
0
113.4646962
0
885.2216749
49.97142857
180.8641975
0
138.2133995
96.66666667
49.86013986
0
0
6857.692308
57.77114428
0
0
0
52
43.92857143
55
77900
98.46153846
116.6666667
57.69230769
2500
57.69230769
2500
0
0
56.90322581
1700
0
48.94009217
300
0
836.8686869
49.22911051
0
0
285.3624696
44.43024302
111.143695
42.22222222
43.125
0
0
301.025641
42.65624031
51.44117647
55.87628866
10100
0
99.79101358
242032.1429
47.36227267
49.70588235
665.7142857
52.1641791
0
2111.297331
98.50138483
776.6233766
0
97.22222222
54.92957746
97.73419469
2198.387097
57.38947368
97.68491365
2185.714286
57.375
98.46153846
0
98.79032258
0
0
1000
0
14681.95251
0
97.87234043
0
0
10576.96203
57.37923408
57.13253604
54.28571429
173.125
49.01601831
446.25
266.1327231
43.6125
54.87414188
6671.428571
45.37974684
0
0
50.09174312
613.9393939
51.5959253
613.9393939
51.5959253
505.5555556
50.09174312
613.9393939
51.5959253
613.9393939
0
0
188.3597884
0
188.3597884
0
0
57.44927536
0
321.875
0
0
1679.166667
54.94145199
0
306.4516129
45.23809524
2285.765306
56.90547411
0
0
3090.416517
53.55900697
0
123.6024845
0
0
0
0
283.3333333
44.34782609
585.7142857
51.25
1416.666667
98.9010989
0
0
17060
98.83449883
52.5
44
275
44
275
44
275
0
52.5
0
52.5
114.2857143
99.60058581
5600
487.6315789
98.27586207
0
0
49.48419918
0
52.83526726
0
598.4126984
46.36363636
0
97.35449735
3680
98.82352941
541.9753086
57.85714286
5675
98.7012987
96.66666667
2900
6433.333333
99.48979592
200
0
200
0
200
0
200
0
200
0
200
0
200
0
300
45
300
45
300
45
200
0
300
45
200
0
200
0
98.73378528
0
0
99.96807087
5668.75
0
44.7826087
393.75
0
4456.763285
97.06122449
0
1025
54.66666667
98.75
7781.818182
98.73125721
291700.6431
99.96573003
7900
0
99.16666667
7900
98.75
8900
133.3333333
238.4976526
99.87938012
13845.10309
0
99.8139881
29700
99.86577181
150
25500
99.609375
200
522.2222222
3403.571429
55.59633028
0
0
57.63434579
300
553.1578947
328.6865431
0
57.85714286
0
787.0114087
98.65787951
764.2045455
97.58930528
4048.181818
0
98.9539749
74780
99.86645299
8267.272727
57.84876141
10326.66667
97.44245524
945.9090909
54.26336375
2450
55.16483516
51.81818182
250
44
10120
97.84735812
98.93116717
6600
52.8358209
56.80952381
0
2937.037037
57.29268293
0
100.4371585
0
100.4371585
0
54.7265625
0
650
56.91760522
43.71710526
47.2
57.9738422
1700
97.77777778
0
11900
54
4900
53.01153846
47.43863511
0
0
0
0
0
0
0
56
250
42.85714286
3983.333333
97.55102041
3983.333333
97.71373501
471.1976628
98.24929256
10740.0719
0
98.52195946
7900
99.64285714
0
8700
98.86363636
8700
99.43181818
8700
0
150
543.902439
766.6736022
52.99830778
98.87640449
6533.333333
99.74874372
500
100
55
500
50
18087.05036
96.70094937
157.1428571
0
1116.666667
365.2631579
0
98.46153846
6003.305556
0
49.21348315
462.4609375
52.99951386
728.4688013
261.3474387
43.27396337
0
0
0
57.55689369
42.05322227
234.5342523
0
0
0
57.96610169
0
46.33459697
339.0649867
99.38356444
14015.78947
0
55.89896074
1363.043785
99.71520561
700
170
150
99.25925926
49564.2487
0
45.01254959
0
179.221876
0
0
0
5200
98.82075472
8380
98.11320755
458.4045584
97.95918367
480
0
0
45
0
331.6666667
50.73359073
98.88888889
100
0
98.30508475
98.30508475
55.38461538
55.38461538
98.38799678
1790
56.82539683
45.63611491
55.71428571
100
0
0
98.63013699
0
0
0
1214.393939
96.72255698
436.3709033
48.89418778
55.68822554
103.0769231
99.24242424
4900
0
0
0
44.70588235
98.87640449
8800
98.87640449
8800
97.5
57.27272727
7400
877.7777778
57.62727273
0
48.75
49.65517241
56.51162791
48
150
0
0
56
0
0
703.5714286
96.66666667
0
0
0
0
200
0
0
50
300
51.85271177
0
133.3333333
53.12169312
105.0213675
98.74934862
400
48
100
15850
99.68652038
100
250
6757.142857
98.54166667
328.5714286
46
0
52.5
70900
99.85915493
17166.66667
53.48455598
56.8
17166.66667
99.42084942
1775
56.8
17166.66667
54.57046332
1005.066667
54.57046332
1005.066667
98.27586207
56.66666667
0
57.6744186
292.7272727
44.72222222
365.8181818
47.26229508
0
54
300
0
133.3333333
45.14285714
1342.307692
55.84
99.01156725
0
0
1072.368421
54.88215488
98.78116833
167.8571429
0
51.96428571
646.6666667
0
0
0
1006.451613
46.93877551
0
148.8888889
0
52
0
786.5490473
53.23218493
500
0
57.71186441
0
53.33333333
0
53.55932203
98.92473118
97.98657718
3415.891473
97.47179657
98.36021505
112.244898
0
0
1340
55.83333333
98.88888889
98.8851728
0
53.33333333
800
43.28571429
99.79701008
48
3650
98.28738513
1471.022727
56.18083183
686.25
52.36883943
0
220
0
1400
0
51.42857143
0
0
96.96969697
45.68399195
46.16666667
47.60757315
57.39130435
57.5
55.7426457
170.9677419
0
98.38709677
6200
96.82539683
0
990
112.8440367
0
395.412844
99.26205182
6600
45
813.4328358
57.45098039
0
99.78632479
5100
98.07692308
6968.75
42.99668541
53.19852941
694.5945946
98.97959184
700
223.75
0
99.7260274
2566.666667
57.75
14158.33333
0
0
780.66605
52.10784314
0
57.79077323
2615.882353
57.79077323
2583.333333
57.76397516
2583.333333
57.76397516
2583.333333
57.76397516
2615.882353
57.79077323
2583.333333
0
57.79077323
2615.882353
57.79077323
57.69230769
7667.020592
98.6205411
49.33333333
462.5
126.6666667
0
0
99.78723404
58300
96.83219178
121.6216216
56.34146341
540
50.625
540
0
51.89189189
640
51.89189189
98.27586207
98.93617021
185.7142857
44.25
900
3478.077803
99.7646487
170
16583.33333
99.97779998
9000
98.9010989
81800
53.33333333
2371.167211
99.76653823
547.6190476
266.7279412
98.39598997
6134.375
57.11278195
716.6666667
154.4642857
96.84466019
1961.538462
55.67164179
0
0
0
0
46.73076923
0
46.73076923
0
19400
0
0
0
106.637688
0
99.10714286
8800
98.87640449
100
0
200
1766.666667
56.78571429
57
0
250
0
56.33333333
104.5454545
0
104.5454545
0
104.5454545
0
104.5454545
0
175.7575758
0
0
0
175.7575758
56.52173913
884.8484848
57.69230769
100
0
100
0
5866.666667
56.98324022
0
0
0
4880
97.99196787
33080
99.69861362
1000
55.63636364
0
0
0
0
1175
48.75
0
54.63196864
0
0
57.43589744
130234.6154
99.07929294
8505.591398
97.50162435
1341.860465
55.83870968
0
54.87179487
1070
643.5897436
51.93103448
0
1711.155914
56.68719852
1008.870968
99.33333333
1252.727273
55.56451613
11122.5625
97.92085512
495.1785714
49.9189919
2257.142857
0
97.91013584
287.9472554
44.45297076
0
200
0
46.30630631
587.5
0
0
100
0
5400
98.18181818
0
100
0
5400
98.18181818
54
4600
97.87234043
98.25581395
3566.666667
97.27272727
0
100
0
5400
98.18181818
0
0
1962.5
0
0
0
0
0
2847.368421
57.96428571
0
0
48
48
0
0
0
0
0
189.5927602
0
3890.066694
57.98385507
43.80062305
201.1538462
0
0
99.94579946
148366.2577
0
97.63344051
633.8916179
55.83444593
807.3777778
240.9090909
42.4
1969.26018
99.68044324
1506.27451
56.26464844
1506.27451
453.3854167
98.875
855.5555556
98.66190901
7650
96.77419355
0
97.69911504
198.0769231
0
174.0384615
0
1792.664165
0
0
700
0
57.69230769
99.28088166
404.1666667
161.8181818
0
54.75
43.51648352
0
52.12329775
0
799.0136364
57.87646057
590.0468384
0
0
47.80417269
245.8333333
44.09638554
0
57.25455688
0
535.6304985
0
164.1025641
0
99.65277778
12140
54.90196078
54.23076923
23300
55.69230769
0
56.39423077
17180
53.66666667
426.3157895
48.6
0
0
51
52859.03107
99.76921364
13129.09091
0
55.58174945
50.18181818
8165.109101
98.79009462
511.1111111
50.18181818
12492.59259
0
0
55.25096525
1158.448047
0
0
0
55.2574797
1165.150094
0
45.87510139
0
762.0756173
99.93287089
6500
57.57575758
250
0
338.2205029
46.30826271
97.57575758
135326.2238
0
0
56.17724551
0
3799.713631
99.9287697
860
53.75
1160
55.23809524
1160
55.23809524
1100
55
1160
55.23809524
700
125
46.66666667
48.75
0
0
100
0
52.59259259
199096.6038
99.69879005
50
350
433.3333333
45
4300
42.27272727
55.38461538
8700
97.72727273
3502.260274
0
0
0
0
54.70997714
1034.210599
0
786.8544287
0
170.7723516
0
0
0
112.9537622
0
0
155.8379132
0
44.09814959
263.7058436
0
99.71291866
34196.42857
56.79266896
2354.545455
56.94444444
1121.818182
0
250.3618134
0
48.36601307
895.3079484
53.53386602
6764.219467
52.65208365
0
472.2352941
47.5
44.84210526
52.77108434
900
55.5
2000.136054
56.69862659
0
147.6190476
0
147.6190476
98.18181818
300
98.70591017
0
233.8461538
42.02764977
1935.384615
56.13095238
146.1538462
0
11717.01978
98.25024215
1328.571429
55.8
796.6600529
99.55744053
7100
50.17857143
341.2121212
0
0
148.8888889
0
99.8723131
100
308.3333333
230.6122449
0
926.6666667
99.85883682
97.89473684
757.1428571
933.3333333
0
57.77777778
6009.090909
98.36309524
45
2133.636364
51.94139194
0
2133.636364
57.31379731
200
0
2133.636364
0
179.2045455
0
179.2045455
99.84297338
23900
0
361.5384615
98.52380952
119.3548387
0
150
0
3426.666667
52.34404537
0
0
400
48
100
0
300
45
0
0
43.44347826
0
0
0
824.2857143
47.89799073
0
0
100
0
97.14285714
3400
809.4581281
42.21546961
0
135.875
600
51.42857143
100
0
0
0
0
0
0
0
0
0
300
0
100
46.66666667
0
0
306.25
52.61538462
216.6666667
0
97.19400097
2778.571429
54.04068858
53.33333333
0
46.66666667
0
45
0
0
46.66666667
725
44.57142857
96.96969697
150
0
0
100
0
300
57.27272727
56.51162791
1100
0
98.41269841
0
180.4761905
55.11035654
96.875
30581.39535
0
0
0
0
0
96.875
300
56.5648855
753.3333333
54.84375
96.85314685
0
0
0
192.2077922
0
52.1655494
0
55.5
100
0
0
500
0
300
0
42
233.3333333
0
46.66666667
0
0
0
54.27272727
52.5
100
700
52.5
0
255.5555556
0
200
0
940
57.11538462
380
47.5
700
0
46.36363636
340
46.36363636
360
48
540
97.5
525
0
1850
49.61538462
0
57.0104202
55.2
168.3333333
49.9068323
319.010989
0
42.13392857
150
48
96.96969697
97.05882353
0
0
0
48
98.36065574
250
43213.04348
99.67017524
0
25900
56.30769231
0
163.2142857
0
0
98.90988372
5766.666667
98.29545455
99.6126176
460
49.28571429
48
400
48
400
48
400
48
2983.333333
0
0
50.27027027
516.6666667
50.27027027
516.6666667
980
42.49198718
51.798627
5257.142857
98.13333333
0
45
460
49.28571429
460
0
0
2212.5
57.40540541
8328.571429
97.21927966
98.47619048
6300
98.4375
17400
97.14285714
1212.5
55.42857143
1212.5
55.42857143
2450
2729.803922
97.39355084
0
286.7403315
0
97.01492537
2220
48.45905172
3371.148459
97.1191091
1322.969188
55.78346457
505.0420168
261.8518519
0
55.04166667
46.55462185
346.25
46.55462185
0
99.85074627
5400
44.11764706
24275
98.46153846
0
0
53.45454545
816.6666667
53.45454545
816.6666667
0
46.5
5900
97.35449735
740
650.4058442
57.18902109
0
7600
0
97.17514124
56.4
1566.666667
56.4
1566.666667
230
0
2870
0
107.3316283
45.75
53.68421053
55
700
2187.5
98.90710383
0
23900
55.5
172.6495726
50.21943574
1275
55.63636364
10653.27273
99.76751264
2642.307692
56.71809257
0
2642.307692
57.81206171
0
0
2642.307692
51.24824684
585.5769231
51.24824684
585.5769231
45.97549305
0
55.77272727
609.6774194
98.05068226
2060
55.11111111
0
45.6
0
45.6
97.91666667
0
0
0
97.88149351
1080.076628
50.32207792
0
11462.85342
99.13516157
2070.686456
57.23589744
0
669.7580645
52.20534311
669.7580645
185.8379169
0
56.10267156
45
5620
53.70629371
0
1274.567972
0
0
53.53544776
335.0649351
527.2636816
99.77791878
471.4285714
5439.831288
57.02156995
181.8181818
0
0
0
50.1026393
506.2222222
50.1026393
506.2222222
57.36070381
2173.333333
57.36070381
2173.333333
56.2618642
42.58928571
174.6153846
0
0
145980
57.72972973
1195.238095
57.13235294
0
450
0
0
57.92236356
0
44.82758621
250
55.32467532
1183.333333
1267.300249
56.49988049
98.37177748
6041.666667
98.37177748
96.66666667
55.95937663
303.4188034
99.57627119
14750
98.98989899
922.7272727
154.2222222
0
0
1528.92562
99.74632166
2320
57.52066116
14300
56.66666667
96.66666667
51.54929577
54
0
42.69230769
3200
98.48484848
98.90251055
10585.47419
98.83018762
780
0
867.7419355
53.8
45.48387097
406.6666667
906.5789474
55.1372549
50.32258065
520
50.32258065
98.18181818
99.39944631
6500
98.48484848
13760
57.17171717
98.27586207
0
57.6744186
3404.761905
52.17391304
50
57.27564849
57.57731959
18100
98.3974359
13550
98.53479853
2100
54.88636364
593.3333333
51.34615385
2833.333333
57.95454545
4700
0
97.87234043
100
0
209.5480138
56.05210728
0
0
0
97.08333333
3328.571429
97.08333333
98.82352941
2516.541353
98.06896552
12757.14286
97.77777778
1064.285714
57.79141104
50
300
0
0
45
300
0
145226.2857
98.86462384
0
57.78325123
0
56.6557377
311.7647059
0
56.52818991
97.8956229
140
53.75
2556.923077
57.7417487
140
0
2433.333333
57.63157895
98.21428571
98.52941176
51.36298386
53.23975506
43.14381271
353.125
46.75862069
353.125
46.75862069
1462.5
3472.04
96.95412145
97.5
0
340
97.15909091
3900
52.8
200
0
42.14285714
42.92727273
57.55166932
2350.649351
57.55166932
2350.649351
0
97.2826087
97.8709675
99.89754742
8300
1089.927184
98.12413492
10488.23529
98.88888889
97.84482759
99.91569736
1775
57.57575758
11177.77778
0
634.375
98.93617021
52.26055536
57.85714286
57.6
20400
98.7804878
99.56521739
19800
99.49748744
57.88235294
0
0
0
97.37631184
44
11566.66667
50.28
53.65079365
4488
44.30688753
0
1804.761905
56.85
0
0
56.82539683
1790
99.18367347
1433.333333
52.17391304
5775
97.87234043
99.90418871
2150
54.68042476
0
0
0
0
0
1100
98.93617021
0
128.5714286
0
47.14285714
357.9843225
46.89911487
350
98.04964539
0
56.58757971
9631.924883
98.56143567
5032.230576
98.97937258
30663.63636
0
96.700491
52.65334817
0
0
51.21207658
13400
0
97.96803951
99.07894737
3900
0
0
43.33333333
52.63730409
0
43.59375
22450
0
0
56.66666667
588.8747616
98.32502769
50.41474654
0
150
0
45
400
0
56.15853659
15011.11111
45.88235294
99.95617647
208344.4444
57.03198294
49.08943966
0
57.5
33650
99.20987654
45
972.7083333
53.00835114
0
0
0
197.1428571
49.90384615
494.2857143
0
42.91139241
2556.875
97.36532581
239.2857143
43.57894737
3772.281167
97.4175429
99.77876106
359900
98.95833333
148.6772487
98.29787234
0
57.72428897
1100
56.52925532
98.54483817
0
2753.603604
99.33405683
634.2222222
51.21065375
734.7107438
53.31683168
0
0
174.1814429
0
0
0
0
98.2421875
1160.740741
54.06
260.6060606
236.1344538
98.79931389
96.96969697
900
233.3333333
51
566.6666667
5145.062027
98.82740826
3102.933985
97.4980916
57.27272727
57.27272727
57.27272727
806.1337341
99.03013393
6114.039125
97.98333333
159243.9883
43.40853628
97.87234043
0
99.99094744
112900
180.420354
99.40828402
7628
98.70600414
113.3333333
0
3526.666667
47.86764706
42.54545455
385.625
1881.981982
57.85714286
46.33431223
0
56.45121951
477.3195876
49.60714286
765.9793814
53.52678571
562.0689655
50.9375
2914.818032
98.04795599
0
0
0
6680.116959
54.20389857
114.2857143
44.83333333
1007.692308
54.66720779
0
1677.834144
56.80104929
0
57.91666667
0
57.70212766
34252.85714
0
53.47826087
0
440
0
2900
0
42.32142857
895.6709957
97.56521739
99.69729399
300
191.6666667
54.85714286
200
100
98.12392796
56.57142857
3900
0
55.05494505
0
0
0
0
0
42
57.32142857
1260
98.71929825
65525
98.48888889
638.1803616
54.43070062
0
43.152
7592.307692
99.81481481
1925
650
0
47.5862069
600
0
48.55325914
530
97.89473684
0
0
50.28571429
57.94117647
1928.571429
56.1971831
0
0
46.66666667
0
0
395.2380952
417.6282051
0
0
0
99.35483871
562.5
1804.761905
57
51.42857143
18100
98.9010989
0
51.42857143
0
98.21428571
99.97113334
3900
0
56.22641509
98.29059829
98.08510638
1900
2916.428571
42.09803457
3333.333333
97.08737864
0
0
0
3471.428571
97.2
0
0
53.26923077
0
97.11741529
15885.30762
99.0502451
4835.483871
97.97385621
15885.30762
99.0502451
4835.483871
97.97385621
7104.502814
98.99305556
6417.241379
97.93650794
9500
98.97762346
4484.90566
97.81893004
4056.036578
99.04411765
5092.307692
97.96825397
13141.37931
99.04761905
6735.9375
98.00380952
8142.424242
99.00568182
4614.285714
97.87878788
5458.312655
98.99305556
4555.172414
97.85185185
5391.205491
99.01855469
16218.40796
98.06097561
8891.735537
99.0162037
8238.235294
98.00705467
14489.66565
99.03935185
8032.53012
98.02962963
5659.100141
99.01258681
5438.461538
97.91666667
3968.141368
98.99305556
5951.724138
97.92022792
6014.649682
99.01855469
4676.119403
97.90625
99.14383562
23900
50
100
0
4900
98
300
98.7012987
52.82296651
12674.19355
96.96969697
99.20212766
0
96.89716312
55.27982044
0
98.36690256
2600
52.78468085
1097.452229
98.29343972
99.9803619
5315.384615
51.42857143
99.98670476
3900
0
0
0
0
0
99.19354839
4100
97.61904762
129.1666667
42.54545455
243.75
42.54545455
243.75
42.54545455
243.75
42.54545455
243.75
42.54545455
243.75
42.54545455
243.75
42.54545455
243.75
42.54545455
243.75
42.54545455
243.75
42.54545455
243.75
42.54545455
243.75
42.54545455
243.75
42.54545455
243.75
42.54545455
243.75
42.54545455
243.75
42.54545455
243.75
42.54545455
725
0
50.60668917
97.02388743
124.2257651
0
0
0
0
0
56.99172312
98.99022801
9803.225806
0
386.4348255
47.53201863
1186.774321
55.3371777
0
99.4
1983.333333
98.90786517
56.17930125
6471.428571
98.55072464
1025
54
1550.793651
0
0
133.0532213
55.63636364
55.85787409
100.9225048
49.453125
98.33333333
98.81656805
11520
0
52.5
5300
98.14814815
53.728223
460
2900
97.07259953
10700
0
99.21568627
7154.142499
99.10726826
5209.734513
98.09583333
654.0232615
99
4587.5
97.86666667
556.1035953
98.97762346
4484.90566
97.81893004
98.96774194
57.76397516
900
0
700
4175
98.24561404
0
56.86956522
97.97979798
1775
45.88235294
34700
98.27586207
49.37600518
0
56.04
99.95179199
1775
0
0
99.85286481
1775
48.68728405
0
166.6666667
57.68814433
99.002849
1775
99.43910256
900
200
280
98.24561404
47.22761347
96.66666667
10780
98.65196078
8845.454545
98.88211382
99.09297052
53.5247093
56.36363636
1900
44.13164855
96.66666667
16220
98.87663399
10634.54545
99.06842818
48.75
97.89473684
233.3333333
200
50
500
4460
98.24561404
96.82539683
1775
97.84946237
1775
2466.666667
47.14285714
98.45559846
98.03439803
1169
97.91666667
99.97630339
44900
99.55555556
891.6666667
99.97647405
44900
55.6
12263.63636
98.75306373
9570.761671
98.96595528
99.98822098
5900
6700
98.20772059
6628.205128
98.51371951
99.1872141
99.55758769
99.55562171
99.98111965
5150
8776.190476
98.52467811
0
8845.454545
98.88211382
0
97.77482839
8060
98.34558824
7188.888889
98.62804878
53.82857143
98.93162393
63900
887.5
21614.28571
97.36842105
51.42857143
97.61904762
98.73417722
56.25
54.54545455
13400
52.5
97.22222222
63900
881.25
99.36305732
45
136700
98.24561404
97.24137931
7900
600
485.7142857
54.87804878
885.7142857
57.52173913
98.24561404
99.0990991
235.2380952
98.86363636
99.38886239
0
900
325
1279.032258
98.24561404
99.95917256
11900
833.3333333
55.71428571
99.76851852
1460
6474.495272
57.19194589
1125
52.65306122
1050
0
96.94736842
52.68292683
98.68131868
5900
0
100
54
98.24561404
99.97670058
47452.23881
97.89704959
533.3333333
98.93842887
7141.37931
97.61904762
609.5476662
98.97762346
4484.90566
97.81893004
596.5086227
98.97762346
4484.90566
97.81893004
686.8809846
99
4587.5
97.86666667
6230.668853
99.02161215
3959.701493
97.91207108
57.27272727
1265.651713
98.984375
4515.384615
97.83333333
57.27272727
682.8918274
99
4587.5
97.86666667
630.9770895
98.99305556
4555.172414
97.85185185
637.439791
99.0162037
4664.705882
97.90123457
57.27272727
57.27272727
1276.962776
99.03571429
4761.111111
97.94285714
948.3045619
99.01855469
4676.119403
97.90625
46.66666667
23450
98.93842887
99.98479086
140900
56.33333333
0
53.33333333
49.57894737
153.6405055
98.5044416
200
0
17235.89842
99.06881313
4933.898305
98.01346801
57.44318182
44
11900
99.0375
4770.12987
97.94666667
2374.758324
98.97762346
4484.90566
97.81893004
3667.728124
99.07142857
7808.653846
98.04660588
8302.051282
99.01855469
5074.129353
97.92307692
4484.90566
97.81893004
18251.80723
99.0502451
4835.483871
97.97385621
9161.595547
98.96875
4445.454545
97.8
0
4886.052999
97.99440559
9161.595547
98.96875
4445.454545
97.8
9161.595547
98.96875
4445.454545
97.8
21893.12715
99.07875
4988.195387
98.03466667
3556.986435
98.82741261
3715.309842
97.49840764
8530.945214
99.04017857
4783.72093
97.95238095
3466.04392
99.03935185
5104.819277
97.96296296
21893.12715
99.07875
4988.195387
98.03466667
54
99.66777409
5733.333333
2330
99.70934073
4833.333333
98.4
45
99.72222222
35900
0
97.91666667
0
98.64864865
35500
98.87640449
98.37837838
99.95008873
13400
0
406.8518519
0
0
54.04166667
47.98228833
57.77777778
250
99.9905303
100
2100
57.27272727
400
48
9745.454545
0
50.43037975
144.2857143
0
97.85539216
99.92592593
14900
0
56.47058824
0
49.87384357
97.91666667
53.32371332
42.88184438
930.3030303
56.60294118
1880.709349
56.97078221
731.1688312
52.78125
45
98.41269841
99.49494949
47900
52.5
0
46.83510638
0
99.99450074
211400
0
0
99.60715028
300
200
0
1400
99.66666667
1900
57
1900
57
1900
57
1900
57
1900
57
1900
57
1900
57
5900
98.33333333
5900
533.3333333
147.3684211
42.12765957
0
53.40659341
96.77419355
0
0
50
23450
98.93842887
98.86363636
0
0
0
52.5
650
0
471.4285714
99.78813559
400
0
43.37785752
0
47.65384615
0
0
99.94501718
19300
0
1277.990431
55.64583333
22700
698.245614
98.96978022
0
3900
97.40740741
11900
0
0
0
57
1733.333333
22700
55.06578947
99.78813559
400
1327.272727
98.93842887
5900
99.95199448
189900
57.41052632
23450
55.22292994
51.42857143
3900
0
3190.501792
57.97396656
1900
99.78813559
400
0
281900
98.93617021
337.8109453
98.4375
700
0
0
3900
0
57.94622856
97.22484695
6557.142857
98.92703863
99.9693456
181900
96.92307692
52.52034095
2271.428571
96.98795181
57.66735384
0
5605.128205
97.49598716
0
56.53846154
170900
98.24561404
49.96637386
52.56900212
56.12218767
5100
96.73076923
0
0
0
0
99.56896552
275900
98.09782609
139.7308782
98.7855612
51.42857143
3900
96.96558227
190.4435019
0
98.8179669
1432.432432
53.45238095
2809.090909
57.9375
1422.297297
176.9640479
57.62019231
2809.090909
57.9375
32471.42857
98.24561404
99.78813559
3650
11087.27757
47.48578471
0
650
98.05250305
8150
0
97.0212766
51.42857143
53.61702128
56.89898031
0
0
45.88235294
99.35064935
99.02097902
5100
0
0
96.96969697
28546.15385
0
43.33333333
0
55
0
0
0
0
0
0
449.131016
0
55.27972028
0
2940
0
0
97.45762712
129.1666667
629.9173554
49.23913043
544.4444444
50.68965517
1766.666667
55.71428571
0
0
346.25
0
215.3333333
0
0
327.952381
0
0
57.55711117
0
47.14285714
400
48
5000
98.03921569
19854.02299
97.66129032
42.85714286
2110
97.36048265
9500
96.875
0
43.08270677
254.6666667
528.5714286
0
0
98.93617021
0
55.83970775
97.59615385
0
60400
99.83471074
47517.78846
50.67575345
98.64864865
2634.375
540
51.16071429
353.8181818
720.5128205
97.15169271
0
98.06744913
1933.898305
55.93714286
98.16616361
0
0
52.5
0
0
54
2600
97.03703704
0
0
56.80851064
0
0
46.33333333
0
27900
57.85714286
56.53846154
44.42889869
0
96.92682927
0
5154.079254
97.96756384
99.9763202
14620
0
0
52.28070175
677.2727273
97.61904762
55
99.96356766
1900
42
700
0
6928.571429
57.69647696
1651.605184
56.57457054
0
0
0
0
57.88235294
60665.71429
99.83543352
60665.71429
506.0606061
48
31519.04762
98.79518072
2316.666667
0
45.95744681
3900
54.27272727
351.1062634
0
97.67691358
8071.900826
98.56644417
45
1775
99.25
0
55.375
22170.27027
99.5049555
25475.75758
99.37796209
57.0484472
0
51.97994987
50.625
100
0
42
1362.222222
57.94832827
4566.666667
123.8095238
97.87234043
500
350
0
97.02380952
2476.785714
99.22383922
275
44
109.0185824
99.52721106
53.33333333
3358.823529
98.7244898
180
0
180
0
180
0
180
0
180
0
180
0
180
0
180
0
180
0
180
0
180
0
180
0
180
0
180
0
180
0
180
0
180
0
180
0
180
0
180
0
180
0
180
0
180
0
180
0
180
0
121.8566205
99.3676324
4870.568182
98.74259848
180
0
180
0
180
0
180
0
180
0
180
0
180
0
180
0
180
0
180
0
180
0
180
0
180
0
180
0
180
0
180
0
180
0
180
0
180
0
180
0
180
0
180
0
180
0
0
6130.769231
57.77777778
400
2380
99.19354839
48
97.61904762
98.80952381
1400
98.43960839
2257.142857
96.96969697
96.77224652
0
99.46902655
42.35294118
96.77419355
49.93006993
100
55.55555556
0
100
56.484375
0
57.77777778
926.6666667
0
49.58333333
584.4444444
100
97.22222222
57.83333333
0
54.58333333
208.5714286
0
55.71428571
49.61538462
0
203.5714286
0
99.7972973
566.6666667
0
0
51
2600
0
98.125
98.33333333
300
98.125
45
100
56.20833333
96.66666667
98.33333333
56
0
100
56.5
0
96.875
500
98.14814815
48.33333333
55.5
97.42326639
44.76491405
433.3333333
57.96289425
53.27810972
0
0
0
0
0
0
0
566.6666667
0
0
0
48
56.66666667
0
0
56.66666667
0
0
0
0
0
98.94957983
0
0
57.82308905
57.00737677
48.57142857
98.85452463
0
0
0
200
98.72340426
99.20212766
2720
0
97.83687943
55.680491
1846.288156
0
97.10104843
2324.514247
43.84615385
45
96.93515704
0
98.25
98.93617021
98.93617021
99.23861733
98.65263158
2837.5
57.60638298
0
57.54255319
44.83965015
56.90653495
97.90871067
98.93617021
98.98989899
56.96969697
1780
97.87234043
52.5
98.56382979
132.5786816
98.67678861
98.93617021
0
57.43085106
98.93617021
98.63864137
99.30603891
48.90957447
56.76957798
156.4102564
54.04166667
0
97.61012301
98.36065574
48
56.64893617
54.97249259
455.5555556
57.61954787
49.92
54.25531915
57.27242331
130.7692308
52.43498818
98.81144534
98.66356383
98.93617021
45.31814057
0
53.79949121
98.93617021
0
97.36702128
98.93617021
0
0
56.67375887
98.93617021
0
57.91102515
8900
98.91252955
3002025
0
97.99601064
98.93617021
98.93617021
48.13186813
100
57.72036474
98.93617021
98.93617021
98.96907216
0
57.77319588
1988.888889
0
54.7821377
2052.941176
57.21311475
0
51.89589244
45
148.8888889
0
0
45
319.3333333
56.25
96.66666667
97.17647059
2741.666667
57.71260997
238.4615385
42.27272727
56.83088579
1656.720349
56.8188977
118.1088873
55.86206897
3740.070922
48.3092437
96.66666667
44.2300766
0
2525.26096
96.99880716
96.66666667
96.66666667
96.66666667
96.66666667
96.66666667
96.66666667
97.95918367
97.95918367
96.66666667
96.66666667
96.66666667
96.66666667
96.66666667
96.66666667
96.66666667
96.66666667
96.66666667
96.66666667
96.66666667
96.66666667
96.66666667
96.66666667
96.66666667
96.66666667
42.69230769
0
5684.291899
56.38429628
111.1986374
1873.28629
99.31340996
2139.583333
0
57.5376197
1028.571429
51.42857143
51.42857143
1510.59413
98.4
54.40283679
1142.55814
55.17125211
49.11627907
49.1296591
48.56027563
426.8817204
54.64285714
0
48
56.33895822
46.92810458
0
575
0
100
0
3711.428571
97.37631184
100
0
2675
57.2972973
691.7
52.42137173
48
40269.02655
99.9465812
11950
0
0
299.1683992
57.91666667
98.94736842
49.4556213
490.4761905
50.10989011
511.1111111
57.36842105
2025
99.97591284
95900
53.390625
1100
98.17708333
99.99092312
230900
50.33766234
48.37843597
56.73927393
99.36507937
15800
7430.791789
98.14814815
0
0
0
56.49052841
142.4242424
0
6275
98.03921569
809.2222222
53.4009532
57.44388214
44.54133486
57.95138131
365.7709533
0
99.39903846
3200
96.96969697
3380
97.12643678
14300
44.14814815
581.8181818
98
633.3333333
51.81818182
99.97626364
4333.333333
99.49845679
20900
99.97093023
3900
99.98815716
426900
0
57.77777778
232
96.89085952
756.1320755
96.6857385
186.7647059
56.77769983
274.9991374
54.82368421
189900
98.94736842
98.94921191
52.14755455
0
55.93618421
0
357.03125
46.80128205
97.77777778
4400
99.50564657
3509.375
99.48051948
4566.666667
97.85714286
4900
0
0
98
2900
96.66666667
1500
52.5
0
250
42.85714286
3983.333333
0
0
98.71052632
98.46770778
634.6641538
0
213.9705882
0
52.86362699
51.04764717
44.1563786
53.61038961
57.77777778
2500
0
0
500
0
108.4745763
56.2369338
0
0
56.11111111
1442.857143
2036.864847
0
0
119.3455082
20400
97.56097561
0
99.88304094
800
617.9487179
98.41269841
300
119.375
53.16239316
420
50.3655914
434.375
0
0
56.82330827
99.98234278
5900
53.33333333
6233.333333
98.24561404
717.1428571
52.65734266
43.30645161
259.4202899
57.09677419
57
400
98.94587619
2600
0
0
1022.839506
56.3026638
46.52252252
96.96969697
4685
98.95506792
9470
99.9754424
23700
0
98.50746269
57.17647059
10100
98.03921569
962.5
54.35294118
0
99.4
173900
98.27586207
56
8700
49.77272727
57.6
2400
99.70631424
4700
2150
56.66666667
0
99.55357143
22053.84615
98.40016367
1168.227425
49.30379747
57.69230769
1433.333333
0
0
340
46.36363636
7400
57
53.6
837.5
753.3333333
0
0
54.20657691
1005.066667
55
900
0
99.98796596
8650
1147.563353
96.875
100
0
300
45
175
99.14070892
11900
0
98.29787234
5900
99.88317757
56900
97.66081871
45
99.02777778
10300
48.57029477
56
47.56587532
56.23036649
48.81118881
53.21428571
45.59196501
56.68421053
99.04761905
99.35332158
13500
98.52941176
0
98.90710383
9171.428571
57.09823738
302.2205045
0
0
54
0
980
99.98296422
129900
55.84615385
99.97540002
59300
0
0
97.43589744
6806.25
46.60003552
53.75
56.90625
15415.15152
0
51.46875
49.45054945
0
56.15384615
6012.5
0
100
98
5650
0
99.9853733
189900
57.72631579
99.57983193
25042.85714
0
99.09090909
950
1060.714286
97.7481103
142.4242424
53.62753587
293.75
97.46031746
800
0
42.18947368
0
1600
97.05882353
237.5
42.22222222
99.89583333
2300
56.78571429
0
99.0990991
99.92647059
3900
56.25
1500
54.54545455
1075.757576
0
0
97.27272727
3900
0
0
0
99.80198733
7900
0
0
0
55.71428571
1400
0
0
0
0
0
99.41964286
9900
400
0
53.27217125
97.91666667
0
54.36010295
98.26886342
0
0
0
45.98043283
97.39583333
9500
54.52302632
97.39130435
5900
43.28035435
0
0
96.875
427.7777778
99.97961432
7950
56.88461538
4344.444444
0
99.97659406
130400
98.85057471
156.6666667
263.6363636
0
0
98.75222816
45900
98.91304348
10700
99.07407407
1533.333333
56.32653061
0
0
0
57.97229176
98
5285.714286
99.71590909
36462.5
46.66666667
350
0
0
56.76152305
0
875.8653846
57.69435412
1144.444444
0
200.281294
300
0
53.2501799
0
0
0
338.1613757
46.30641509
0
49.03846154
1011.111111
54.28571429
55.4325
217.8981938
42.92355372
0
0
0
192.0289855
0
289.7435897
0
46.36363636
390
1265.05425
0
54.78024846
1127.040635
0
49.00215061
0
823.9583333
56.95603157
0
0
99.54545455
204819.4595
57.07202039
775
55.8552381
55.23529412
1247.5
54.71243043
1034.736842
54.71243043
1034.736842
54.71243043
1034.736842
0
0
99.16666667
300
0
18435.41667
99.6403282
612.5
353.3333333
46.76470588
321.0526316
0
50.66666667
1622.767857
0
271.6450353
0
0
56.11764706
0
41233.33333
98.92473118
0
0
726.875
0
0
97.4025974
3750
55.46218487
46.66666667
5675
97.22222222
3650
99.58823529
24185.71429
50.07418246
3136.42732
99.16666667
48.31168831
99.79292972
37900
97.23684211
98.87625418
1614.285714
0
406.25
57.77777778
2728.395062
57.87865561
514.3333333
0
0
130.375
99.99625986
550300
0
99.29577465
1450
0
1127.272727
56
2600
57.77777778
0
0
0
0
0
0
99.6742671
243900
98.46311475
98.35641553
56.28485254
52.5
175
0
57.93442623
99.59819488
0
476.9230769
48.88888889
98.83040936
9066.666667
8628.571429
98.36333879
99.96791577
9100
98.36065574
99.99471231
9500
0
99.88699617
378.125
0
98.35980772
99.53684211
53900
0
0
0
0
0
54.15983607
51.42255858
53.09268334
54.78440146
53.38010434
45
42.85714286
250
505.4945055
96.72131148
0
0
54.51147541
0
57.36711376
98.35612044
51.99705401
1100
97.5308642
99.98660268
239900
225
57.16289593
99.92567938
2140
99.9162571
1900
99.97978748
119900
400
97.00925926
48.07609675
50.52830453
99.96747892
419900
97.09183673
99.98386771
599900
97.06363636
99.07550077
0
42.18158659
47.86956522
97.78726327
0
0
0
301.249505
98.42105263
51.80820805
757.1428571
50
200
50
500
48.67721064
0
0
47.01118586
54.1509434
43.28358209
328.5714286
0
3500
99.44444444
17900
45
54.66666667
96.96969697
3900
200
0
97.05882353
4400
53.8125
765.4545455
53.14085739
328.5714286
0
0
0
0
0
0
0
300
0
45
54.52513966
971.4285714
0
0
99.99109018
190714.8148
57.98757764
52.5
2487.5
54.64566929
312.5
0
55.18754423
358.3333333
99.48849105
20809.09091
196.5217391
0
57.67578125
841.1764706
45
0
46.66666667
54
12837.5
0
57.82829166
2775
0
0
0
51.42857143
0
0
0
0
0
200
53.85560676
300
100
0
330.976431
45
425
57.14285714
605
0
0
53.72900336
0
575
0
200
0
0
96.66666667
16507.14286
0
0
232.1428571
0
0
0
3050
5614.285714
98.25
99.73333333
120.4724409
0
0
0
56.55090595
46.48166883
55.6284153
0
98.35835398
43.3023932
0
185.6696429
183.3160073
56.66666667
1700
52.75125631
97.05882353
486.6666667
97.33333333
4400
56.66666667
97.5
3900
98.94223424
98.38709677
5150
0
119.7619048
0
0
98.21428571
5900
0
98.64864865
7300
0
0
104.56621
56.82692308
2376.190476
57.69230769
0
0
96.66666667
2900
0
0
98.93162393
1550
506.0606061
104.56621
56.82692308
0
0
0
0
0
0
0
693.3884298
98.046875
0
0
0
0
5525
52
50
98.75
8766.666667
11950
97.9253112
269.1227125
97.35688889
0
55.32373619
0
57.86621233
69568.75
97.84695434
99.79125841
900
304.4518547
97.41299302
99.96272436
5500
54.30740038
300
800
53.33333333
9400
97.89473684
0
0
47509.18367
97.89956491
105.4882523
49.24799011
0
0
0
0
53.75
56.04878049
12344.44444
98.21428571
407.5
48.1773399
0
50.35087719
566.6666667
0
0
0
0
0
97.91666667
4900
0
97.59615385
4025
0
0
0
0
0
0
0
0
0
0
0
98.35899598
1233.333333
103.7037037
98.18181818
108.3333333
0
4900
98
56.66666667
99.91336076
1775
0
47.9122904
156.7567568
97.56578947
700
52.5
700
52.5
700
52.5
700
52.5
700
52.5
700
52.5
700
52.5
700
52.5
700
52.5
700
52.5
700
52.5
700
52.5
700
52.5
700
52.5
700
52.5
1020
99.25986842
55.32598274
57.23076923
53.8245614
46.66666667
97.56944444
0
55.71428571
2983.333333
0
47.5
516.6666667
0
46.095401
50.18181818
99.98251748
11900
0
0
0
0
57.85714286
520
46.64883639
54.5
99.67426333
50
0
200
57
119900
96.66666667
99.56490241
0
99.91188141
20627.27273
96.78362573
0
98.83889695
9066.666667
0
52.59259259
816.6666667
49.09090909
97.82674772
56
98.03827013
2166.666667
56.07843137
99.14712154
45.37554348
235.6473024
98.84615385
5500
57.85714286
0
52.5
1900
57
2642.307692
56.71809257
1728.205128
57.81206171
2642.307692
0
49.70760234
585.5769231
51.09854747
0
51.3
0
0
0
0
99.99698817
22066.66667
0
0
42.50579002
0
96.77419355
100
0
300
45
1494.414063
98.59038883
52.5
506.2222222
0
57.36842105
2173.333333
44.95265056
57.12765957
48.69873301
53.91071429
55.5
54.74888227
756.9604087
57.54098361
0
99.98670343
278900
57.20430108
97.91666667
57.66722558
43.06372797
97.79411765
99.44306931
55.65789474
263.6363636
0
97.49380355
0
0
98.8
416.6666667
99.99250615
239900
53.94545455
99.97971311
5150
54.28571429
99.57446809
400
0
98.31578947
99.84962406
94900
56.96842105
2700
57.5
56.38828957
47.49379653
100
462.5
0
0
0
99.99114575
563900
97.16312057
99.90163093
101900
0
51.76470588
2479.813665
57.75731311
0
98.53479853
2300
0
96.79487179
145.2012384
96.96969697
0
56.66666667
500
0
0
6902.573099
98.82186164
44.38943477
54.46769791
0
98.08188266
98.40236686
344.4444444
49.66760024
0
52.38829787
99.00793651
56.75480769
48
99.3880049
1422.222222
54.54545455
31900
54.78927203
0
0
48
56.92307692
98.61111111
33900
99.83076564
39900
55.8
1125.324675
0
57.47596154
2350.649351
97.85714286
3900
42.44665374
55.58307692
317.9728318
45.1047619
0
751900
98.93617021
52.86109133
0
50
1500
0
54.48810437
0
0
0
55.75714719
0
0
99.7900314
5200
0
406.6666667
96.71052632
0
50
0
9500
97.91666667
73900
97.2972973
96.66666667
100400
98.50746269
0
56.50828887
407.1534467
96.66666667
164.3207856
98.1273977
1672.487196
96.66666667
0
97.75390625
1244.927536
96.66666667
261.7202108
98.41976768
1871.609786
96.66666667
0
50
400
0
50
43.55555556
0
168.2926829
43.78398942
44.73684211
98.85057471
2300
0
47.46081505
378.5
0
129.0076336
0
57.9859335
2879.047619
43.88746803
272.3809524
0
114.0468227
45
55.77272727
683.8633687
52.07689544
0
44.11764706
53.33333333
3204.166667
169.3568726
0
0
0
56.24489796
1508.695652
56.27027027
1508.695652
56.27027027
2750
235.0877193
18100
98.9010989
99.77158747
45
780
10027.38636
57.12784607
57.18716192
2033.076923
0
0
51.42857143
98.57142857
48504.83871
52.59333001
52
55.73179629
0
0
0
0
1372.895768
0
98.96907216
582.4038462
0
0
668.90975
54.07359221
53.75851393
861.3095238
0
0
50.27885964
4300
50.70779221
46.2244898
700
43.33333333
0
98.33333333
36263.63636
98.33333333
98.33333333
53.33333333
53.33333333
53.33333333
0
48
53.33333333
51.42857143
99.60935019
9580
98.96694215
4500
54.7826087
44.4
57.99713124
600
0
55.17241379
0
0
10340
57.85440613
0
97.70409115
5834.163934
98.63113372
4775.573921
57.20312647
0
98.30508475
98.30508475
97.40346947
0
0
164.1456583
173.9130435
0
0
0
492.6773455
50.3213866
0
0
53.33333333
53.33333333
98.24561404
0
48.55932203
98.24561404
191.6666667
98.24561404
53.33333333
300
0
97.56097561
57.15001979
0
47.65008576
3921.381579
53.28588957
97.22222222
3300
0
97.07602339
800
277.7777778
45.88235294
300
45.17045455
50.89655172
400
0
0
267.3469388
0
56.74137931
0
0
0
0
54.5
257.1428571
0
951.3333333
97.93119848
1634.8659
56.01304303
49.36461388
464.1544118
49.36461388
0
588.6077217
50.85824662
51.1546875
705.5113937
52.55131579
1462.100031
55.39422497
0
182.8409091
0
0
98.71794872
5300
98.14814815
0
57.75849057
102.020202
0
4195
0
166.6666667
56.6875
0
97.71428571
3353.125
1856.923077
56.93396226
42.62443439
245.3125
42.62443439
100
97.22222222
300
265.625
51.79487179
150
0
56.66666667
148.1527094
98.12865497
98.24561404
57.36842105
0
52.8
400
48
47.16666667
2664.285714
56.20155039
400
0
57.42857143
150
98.24561404
51.11111111
0
552.5
42.52873563
100
55.15789474
0
0
0
0
55.2
2800
54.31034483
300
98.17073171
347.0588235
0
57.69230769
2800
53.79310345
0
51.42857143
600
51.42857143
600
100
100
54.5974026
0
97.08015488
3389.361702
97.13414634
300
56.81818182
2100
98.86363636
373400
98.98259705
702.6315789
1533.333333
97.95918367
400
0
300
56.91176471
43.125
866.6666667
54.89655172
0
900
96.66666667
0
300
57.35294118
57.66891892
685.7142857
354.5454545
57.6
2800
55.59310345
226.6769073
56.61442006
3633.333333
57.09375
150
0
57.20925926
0
0
96.84542587
1982.5
0
0
98.07923169
5362.5
0
173.125
0
46.97368421
54.76965342
2800
99.98084291
20200
45.45454545
0
0
96.66666667
300
1550
0
57.78280543
116.0864346
102.2222222
99.80769231
51900
54
0
2800
57.4137931
604.3733333
0
57.93286219
2802.564103
57.93286219
2802.564103
335
0
52.72727273
650
53.34
0
163.6363636
52.75862069
1150
57.22689076
48.75
300
49.09090909
891.6666667
55.56302521
98.24561404
0
0
0
52.70689655
51.4893617
836
0
0
52.70516717
836
0
0
45
96.875
51.42857143
500
503.7037037
53.37423313
53.33333333
57
1900
5300
100
55.42534722
0
43.7593985
269.4444444
43.7593985
269.4444444
0
96.68674699
0
0
55.47321429
98.42105263
8185.714286
98.79310345
46.66666667
350
511.1111111
50.18181818
0
54.14634146
45
200
0
0
0
0
0
0
42.23300971
337.2505346
56.73818693
151.7241379
0
655.1724138
52.05479452
45.51724138
50
53.44262295
0
122.2222222
1932.5
57.04797048
136.25
0
725
52.72727273
5400
55.66363636
2993.333333
56.98275862
98.66962306
6028.571429
50.01398601
0
123.951049
300
54.72540984
46.57342657
346.875
54.12587413
189.2156863
49.09322034
0
0
98.21428571
300
900
50.32258065
52.14545455
48
860
54.375
97.91666667
0
57.6312079
273.0994152
43.9184953
659.0643275
51.10169492
98.07692308
48
920
54.70588235
98.27586207
98.27586207
0
0
57.046875
97.88359788
4300
97.72727273
4625
113.3333333
0
5233.333333
98.125
753.3333333
52.96875
98.58156028
0
97.36842105
3657.142857
97.74397972
0
0
0
221
1239.563863
57.20930233
0
0
55.50624832
0
114.375
198.5422741
0
133.2361516
0
0
114.375
4308.163265
97.73148148
150.728863
51.62790698
185.8333333
97.19298246
98.24561404
98.24561404
50
52.63157895
98.24561404
56.24523991
135.2941176
0
98.24561404
379.7660819
51.66260361
0
645.6140351
56.14411765
0
366.5959703
47.14090909
0
0
52.89473684
49.785794
300
55.52044173
0
0
42.13392857
2367.348544
56.70535714
0
4566.666667
98.21428571
207.5
919.5121951
54.89633174
0
0
139.5955882
47.47890133
446.1805556
815.4481882
0
54.26910299
402.173913
45.45454545
100
150
1900
100
100
98.24561404
98.24561404
50.625
100
57.54385965
100
0
0
97.0703125
119.0740741
151.0566357
0
46.30600169
4300
54.02525253
447.7599324
99.00645516
0
1625
53.62318841
290.9090909
98.27586207
55.67350631
44.89583333
303.4482759
0
2695.294118
54.66891134
0
50.4
140
53.75
2523.076923
0
0
54.31578947
955.5555556
0
111.1111111
99.06017391
1100
0
42.34610918
740
97.61904762
2618.75
0
138.6363636
99.98006398
4550
0
2971.428571
52.13953488
99.40828402
2900
463.3333333
437.305952
48.74350346
44.1509434
270.8333333
54.60674157
200
0
7650
44.51612903
57
96.66666667
2900
1012.5
99.08980475
160.8695652
0
98.38060283
1975
57.10843373
99.92443539
209.7826087
300
300
0
250
514.2857143
0
300
56.86956522
98.62297253
53900
56.92307692
300
0
0
56
6910
53.90486119
45.25519849
306.9230769
54.85714286
300
933.3333333
43.22580645
54.375
43.22623715
0
45.78628571
99.41413646
1700
45
900
49.81132075
614.2857143
56.89620423
0
185.7142857
155
54.95692975
400
49.07476941
0
97.42647059
614.2857143
905.5718954
57.73173151
614.2857143
0
98.10606061
5900
257.8947368
57.08823529
43.77358491
1290.909091
257.1428571
0
0
0
100
700
55
48
0
42.9241873
97.69410917
636.1111111
1275.471698
55.15151515
205.5555556
0
0
446.1302349
56.89511996
55.51782683
1252.380952
862.2405486
55.01274014
208.1664099
0
0
366.11387
56.11602567
53.36854937
566.6666667
1274.107143
55.0877193
200
0
0
675.4535097
96.91028424
57.0311253
3442.857143
1188.306452
55.54512259
244.2622951
42.57142857
0
53.33333333
0
45
0
8857.142857
98.88357257
0
0
8911.857708
98.89035088
45
0
8742.307692
98.86907351
0
44.09356725
9420.786517
98.94966661
0
56.47058824