500
66.66666667
1100
73.33333333
1700
75.55555556
500
66.66666667
500
66.66666667
1100
73.33333333
1700
75.55555556
1700
75.55555556
1700
75.55555556
1900
76
1700
75.55555556
1700
75.55555556
1900
76
0
72.94117647
0
0
0
0
0
0
0
72.94117647
0
0
0
0
0
0
1700
75.55555556
1700
75.55555556
1700
75.55555556
500
66.66666667
1100
73.33333333
870.5627706
99.37555754
1900
20300
99.50980392
5900
1700
75.55555556
0
3005.555556
99.64221825
1550
75.15151515
1550
75.15151515
1550
75.15151515
1700
75.55555556
0
66.66666667
0
66.66666667
500
66.66666667
500
66.66666667
100
66.66666667
0
68.57142857
0
500
66.66666667
1700
75.55555556
76.78866588
233.3333333
60
300
70
242.8571429
75.55555556
1700
75.55555556
1700
75.55555556
0
66.66666667
1700
75.55555556
1700
75.55555556
500
66.66666667
99.73901406
11733.33333
99.85915493
1100
2530.166667
99.6831633
31462
99.6831633
1700
75.55555556
1700
75.55555556
1700
75.55555556
1700
75.55555556
1700
75.55555556
1900
76
68.29268293
483.3333333
66.28571429
0
0
870.5627706
99.37555754
1900
172.5517241
99.56140351
6400
0
97.39583333
62.22222222
350
237.7777778
56.31578947
72
5200
98.11320755
500
66.66666667
177.7777778
68.47619048
0
0
5974.442105
98.35375828
0
350
0
130.4444444
0
0
379.338843
63.31034483
1966.115702
74.29333333
0
59.57176844
0
98.46153846
0
99.12769489
0
217.7083333
6527.612088
99.50529867
0
0
0
0
210
0
0
0
0
4462.5
69.04109589
65.77777778
0
301.0416667
57.83549784
260.9375
57.83549784
0
0
260.9375
57.83549784
260.9375
57.83549784
0
301.0416667
57.83549784
260.9375
57.83549784
0
410
62.5708061
344.6666667
62.0089955
359
62.5708061
260.9375
57.83549784
0
394.0740741
63.80809595
301.0416667
60.05194805
301.0416667
60.05194805
97.43589744
3900
97.1875
0
125
0
0
212.5
0
72
56.9848683
69.33333333
0
66.66666667
366.6666667
0
0
1550
98.18181818
0
0
266.6666667
61.8989899
57.14285714
0
0
8731.210191
98.72610891
0
170
60
1988.888889
76.17021277
100
0
100
0
64
2400
0
134.2857143
65.36585366
67
2361.538462
76.75
2521.648072
76.9484844
63.58974359
68.57142857
0
98.9010989
1366.666667
74.54545455
397.4452907
0
74.66666667
668.4322034
75.11993383
0
0
417.8571429
0
76.91876751
18476.27119
69.66423358
0
72.57656336
0
1153.066403
73.61566157
0
0
352.3809524
0
0
4028.045867
76.02777778
0
0
0
0
103.5002035
0
0
0
0
76.94539901
2519
76.94539901
2519
98.27586207
99.15254237
69.84126984
400
0
98.30508475
99.66329966
64
150
1100
0
254.5454545
0
0
0
0
0
140.6015038
0
2666.917293
77.10869565
260.9022556
57.83333333
0
0
140.6015038
400
66.28571429
0
0
0
0
0
1207.142857
73.87978142
0
0
66.66666667
2750
73.4502924
430.3571429
67.07070707
0
206.4285714
0
0
177.5510204
0
63.18181818
0
0
676.4705882
115.6565657
75.22248244
0
10100
97.66339869
462.619199
2433.333333
353.9487462
99.76811665
9400
76.21052632
2033.333333
0
73.19587629
0
71.20879121
725
0
997.1428571
72.70833333
894.2857143
71.95402299
2063.428571
76.30216587
66.28571429
575
68.14814815
575
68.14814815
483.3333333
66.28571429
575
68.14814815
483.3333333
66.28571429
483.3333333
66.28571429
483.3333333
66.28571429
490.8513846
99.02952085
7409.375
97.5031211
12716
99.32376196
938.4615385
56.10666667
76.49544624
74.01379854
99.5412844
65900
73.33333333
1688.143251
96.69699282
0
63.30725091
274.8197115
0
224.84375
70.14911015
712.109375
70.14911015
3500
61.29738562
713.1661716
98.90410959
1127.777778
0
70
0
101.9919623
429.9512468
0
61.81036542
971.6210148
72.10984511
73.63928023
1263.095238
74.13100437
1263.095238
74.13100437
1157.719298
73.63928023
1263.095238
74.13100437
1263.095238
0
99.46994002
18765.78947
68.33868043
586.0287081
68.33868043
64.49243886
171.3642473
0
76.96551724
0
0
0
725
0
71.66666667
860
3256.800766
97.4398987
4449.090909
97.44204636
71.66666667
725
0
0
0
0
580
68.23529412
74.66666667
900
0
57.37373737
68.57142857
250
57.14285714
250
99.375
600
8360.78253
97.2646907
98.85057471
0
560
0
0
74.89361702
0
0
150
0
2450
76.8627451
150
64
400
64
400
98.12414842
0
0
0
3785.714286
97.42647059
204.7619048
1971.428571
67.86206897
0
1500
0
98.33333333
400
0
0
0
0
99.12280702
0
340
0
0
0
0
0
0
0
219.1176471
99.53917051
100
0
100
0
100
0
100
0
100
0
233.3333333
56
233.3333333
56
233.3333333
56
100
0
0
0
100
0
100
0
68.57142857
1325
68.26666667
57.03349282
248.3333333
57.03349282
2025
76.23529412
290.9090909
71.47286822
838.1818182
71.47286822
838.1818182
0
0
0
9849.333333
99.24953096
489.2857143
66.42424242
74.28571429
0
0
0
4820.32967
97.96761586
0
225.7142857
0
0
0
0
0
0
0
0
100
75
0
2805.215827
98.72642853
66.48648649
492
356.0810811
62.45925926
0
0
74.84263959
901.5748031
0
0
269.1118083
96.95326315
0
66.02310994
439.6825397
76.07843137
1940
56.47058824
240
1248.039216
74.06545455
0
0
72.15686275
920
72.15686275
21901.73077
76.95078093
1066.666667
59.42857143
0
97.56756757
0
527
73.62041467
3984.736842
0
0
256.1069958
179.2544748
0
0
76.82539683
3620
74.609319
0
15638.66667
99.36462216
433.3333333
207.5
0
1622.710177
0
0
1191.034483
0
76.92307692
98.38709677
4850
97.97979798
0
0
2500
4600
0
68.23529412
69.33333333
650
69.33333333
650
0
0
2280.826737
76.66198744
752.5896414
72.2741433
219.3548387
0
0
0
0
0
219.2851824
0
56.76842889
0
0
1652.866242
75.43604651
0
0
0
1014.16309
72.84540318
98.76149334
0
69.87455197
6088.495575
0
65
98.00884956
0
99.16666667
7455.555556
2772.058824
77.21454173
1217.013575
73.42216225
13454.44444
99.26223461
0
0
73.80645799
515.8940397
67.01075269
0
9565.680473
98.96541169
98.27586207
98.38709677
940
72.30769231
2800
99.08045977
375
0
0
0
0
0
220
0
2193.333333
97.6744186
70
166.6666667
0
0
0
98.27586207
5361.633493
99.45216896
323.75
97.05014749
2622.222222
0
0
0
0
0
2366.666667
77.10945946
0
0
143.5714286
0
0
66.14285714
0
0
0
0
76.84210526
9729.869281
98.7340173
135.7142857
63.63636364
470.3703704
0
0
391.6666667
98.30508475
11900
74.66666667
125
1855.555556
75.90909091
63.33333333
380
63.33333333
0
0
74.54545455
200
411.1111111
64.34782609
466.6666667
65.88235294
0
0
0
0
0
64
400
0
0
359.2592593
0
97.10526316
27433.94495
75.35119286
186.4583333
66.03636364
330.46875
149.7277677
0
2049.969231
76.07764564
0
152.2167488
0
152.2167488
0
1539.408867
75.12019231
110.180624
0
64.2364532
407.5
64.2364532
540
0
916.9491525
62.66666667
1218.540925
72.53253831
75
316.1290323
0
74
200.6060606
1683.783784
74.93646139
68.21428571
578.7878788
0
0
0
0
238.2173382
64.23104693
0
11577.05474
99.40683613
0
178.0208333
66.51180217
498.1538462
163.0315501
0
1705.737185
77.15424472
0
285.4014599
59.24242424
0
1088.019129
97.45762712
4900
74.70266667
0
231.0833333
0
0
194.375
62.56192498
358.7662338
62.56192498
250.6493506
0
6178
98.93809069
150
0
0
34429.88827
99.71039582
337.6666667
61.72124905
337.6666667
61.72124905
5843.816698
98.31757934
74.44444444
1335
0
0
140
62.22222222
350
62.22222222
98.24561404
0
99.67105263
220
7000
99.43661972
7000
77.18309859
0
671.4285714
0
98.88888889
191.6666667
0
0
3766.666667
99.48275862
0
220.625
0
0
0
400
64
3224.902869
76.78562039
0
0
0
0
60.95238095
320
60.95238095
5700
72.90640394
0
99.23115079
1150
0
0
1400
64
1900
930.1403509
98.01310217
400
66.28571429
0
0
0
0
6000
98.36065574
0
0
0
75.45454545
940
72.30769231
9340
98.94067797
0
0
0
0
0
0
0
0
0
0
0
0
64
300
64
0
700
62
301.5531892
97.02662722
71.46666667
2733.243119
0
58.59319457
0
76.54054054
0
61.17647059
220
20212.5
99.42307692
58.66666667
0
4400
59.04761905
0
211.1111111
0
918.5185185
72.14545455
522.2222222
63.7037037
76.88311688
2525
76.95238095
2525
76.95238095
2466.666667
76.88311688
2525
76.95238095
2525
0
76.88311688
2466.666667
2300
0
76.92307692
8966.666667
98.56440571
357.1428571
62.22222222
0
74.27144536
5446.666667
98.07692308
0
62.93333333
4600
70.63829787
0
138.1996234
98.13415136
530
67.3015873
530
67.3015873
530
120
98.25174825
345
97.37827715
1385.714286
98.07692308
100
0
143762.201
98.70246204
419.1071429
64.58892329
419.1071429
0
73.15068493
1172
75.07337526
226.8085106
61.69642857
61.78861789
339.2857143
66.34146341
0
900
74.66666667
1400
653.3333333
69.38053097
693.3333333
69.91596639
96.66666667
300
650
69.33333333
650
1200
98.65384615
407.9365079
72.5
110
433.3333333
454.0332512
0
0
0
0
0
0
600
0
75.02440561
200
670.5555556
71.04542177
0
0
75.8974359
0
73.33333333
300
0
6306.842105
97.18113859
909.9667774
97.53289474
62.22222222
350
62.22222222
0
802.8571429
97.0464135
0
64
0
72
98.83886016
0
0
99.72527473
51356.95364
73.43140283
58.55361207
840.2294708
75.2248062
0
329.6675192
1024.092675
74.94906923
0
916.2994627
72.12830441
0
0
65.13931889
6033.333333
0
0
99.78723404
1942.857143
0
0
0
0
60.30769231
70
116.6666667
0
116.6666667
0
0
2825
77.26495726
983.7762238
73.41146658
10670.83333
99.07156673
0
0
2825
77.26495726
983.7762238
73.41146658
10670.83333
99.07156673
0
0
2772.058824
77.21454173
1217.013575
73.42216225
10667.77778
99.07130327
0
0
2558.139535
76.9903762
1306.511628
73.50649351
10643.33333
99.0691902
0
0
2766.776316
77.20940906
901.6447368
73.56321839
10814.28571
99.08376963
0
0
1030.769231
72.92517007
0
2801.315789
77.24263039
1124.232456
73.47962382
14288.46154
99.30499866
0
0
1078.04878
73.20910973
98.88888889
5750
2686.324786
77.12883436
1368.2861
73.90374332
10655.55556
99.07024793
0
767.5065492
702.4244794
0
2618.75
77.05747126
1281.153846
73.48370927
10650
99.06976744
0
0
2686.324786
77.12883436
1269.625247
73.51996928
39977.0416
99.75048058
228.8135593
0
99
6312.5
2722.612086
77.16574586
1337.980917
73.84806974
17894.87179
99.44428612
67.69230769
99.23076923
8000
2751.851852
77.19480519
960.4288499
73.90374332
20234.72222
99.50823031
100
0
0
208.5714286
0
362.8571429
62.71604938
2231.428571
76.56862745
1280.952381
73.63172414
11783.04094
99.15846457
0
1031.313131
72.92857143
0
2562.5
76.99530516
917.6923077
73.56833643
14543.75
99.31711481
0
0
98.88888889
8900
0
2696.568627
77.13935145
1387.109084
74.00995984
577.9661017
68.2
0
7963.241107
98.75980392
1006.719368
72.77142857
0
0
0
14042.85714
96.96969697
11766.66667
99.15730337
0
64.72727273
63.83003158
99.37432628
0
60
500
0
70.27293359
72.5093633
0
97.56416575
66.66666667
75
98.92473118
1271.446488
64.14875781
73.52
6616.049383
98.51102941
0
69.17766456
0
60
0
184.959276
0
184.959276
0
184.959276
99.63302752
6600
613.7764784
97.11174685
1118.461538
6300
0
98.46153846
96.875
25349.6318
97.14632414
3944.75043
97.52765957
140
0
0
60.54054054
71.11111111
800
0
0
77
150
700
0
0
99.85507246
40014.28571
2993.660969
96.76758375
1027.305443
73.208473
254.2589216
57.41764706
0
254.6453546
57.44225352
0
10019.10549
99.01177036
0
0
0
98.88888889
5788.888889
2600
77.03703704
929.59285
74.13946759
10436.58537
99.05092593
0
0
2558.139535
76.9903762
1306.511628
73.50649351
10643.33333
99.0691902
0
0
100
0
700
0
14150
77.19298246
98.93617021
100
500
0
167.8571429
144.4444444
98.93617021
100
98.93617021
100
59.45164278
99.48193543
300
12275
0
75.988
1216.051844
73.30027548
98.93617021
100
320
96.82539683
75.74279379
400
100
0
98.93617021
100
1400
0
0
98.93617021
100
98.93617021
100
0
0
60
2015
0
74.28571429
9300
98.93617021
0
200
0
0
0
0
99.10714286
0
150
0
97.43589744
5400
98.18181818
1100
266.6666667
96.96969697
185900
98.92473118
76
1900
99.11504425
76.95238095
56.31566
99.21585028
0
167.8571429
966.6666667
97.5
300
237.5
0
0
0
0
0
300
60
0
0
72.88888889
1100
72.04968944
77.25714286
0
0
0
66.15384615
6857.580418
61.60279978
75.55555556
326.6666667
0
0
57.46341463
0
72.40677966
1480
415.6799539
70.62216853
98.00569801
4914.285714
154.2735043
0
97.2972973
1900
70.24390244
1100
76.66666667
98.28336557
3866.666667
76.63865546
6700
73.7254902
0
0
97.52747253
3944.444444
72.2847302
0
68.50956559
238.7212644
56.80351462
0
4528
67.55401901
73.33333333
11500
97.84482759
0
0
98.27586207
13348.27586
98.71794872
0
2558.139535
76.9903762
1306.511628
73.50649351
10643.33333
99.0691902
0
0
2558.139535
76.9903762
1306.511628
73.50649351
13026.66667
99.23819198
0
0
0
2774.80457
77.21720214
937.0014031
72.79109324
241.8275418
56.59638554
0
0
0
241.5966387
56.58056581
0
8642.857143
98.85620915
0
1095.061728
73.30578512
0
2693.209877
77.1359116
1242.592593
73.58949097
10098.77049
99.01948965
0
1021.478873
72.86656201
98.88888889
5788.888889
2667.924528
77.10974778
1260.580552
73.46459992
10655.55556
99.07024793
0
0
2558.139535
76.9903762
1306.511628
73.50649351
10643.33333
99.0691902
0
0
2662.068966
77.10362047
942.7586207
73.50649351
10643.33333
99.0691902
0
60
0
2728.125
77.17127072
972.6704545
71.84278828
214.2857143
0
528.5714286
0
0
0
8394.520548
98.82277052
1021.917808
72.86935287
98.88888889
5728.571429
2627.941176
77.06738544
954.4955324
74.41606426
10063.17016
99.01605505
0
938.961039
72.3
68.23529412
64
320.5607477
98.33333333
0
0
69.33333333
99.8152545
17423.87273
139.9014311
97.1455771
0
0
0
144.5449975
98.75440658
70.33962264
728.125
70.33962264
728.125
109.0618337
0
0
0
175.2013635
0
97.64705882
0
77.09090909
0
97.05882353
98.7654321
98.49915361
0
1997.777778
76.18644068
60.64197531
313.2653061
60.64197531
98.94813589
0
0
9810.838663
98.99100365
63.38999514
381.6374269
63.38999514
97.82543038
0
98.99965565
0
4539.260401
97.844484
0
0
0
0
56.88888889
60.10434783
99.62264151
11375
2889.106754
77.32361516
1191.503268
73.52226721
233.3333333
56
0
0
73.53535354
773.90625
70.84569998
773.90625
208.09941
0
271.0917219
68.3116174
13213.7931
99.24889925
0
66.26609442
60
52566.66667
98.97151899
1723.636364
98.74920692
0
0
0
99.16666667
7455.555556
2772.058824
77.21454173
1260.090274
73.63049514
584.4444444
68.31168831
0
0
0
12611.11111
99.21328671
0
76.19047619
900
99.03846154
7820
60
316.6666667
0
0
59.50310559
0
0
75.15151515
3900
0
0
76.96442688
1560
0
0
0
0
2558.139535
76.9903762
1306.511628
73.50649351
10643.33333
99.0691902
0
3058.043997
98.87014237
1114.798206
73.41454411
0
2924.834437
96.69403394
981.4857041
72.71299225
0
589.3617021
2475
99.43264563
68.44919786
1119.340378
73.43907563
98.27586207
98.27586207
98.88888889
5728.571429
2696.568627
77.13935145
1282.08061
73.6
10079.31034
99.01761518
0
1011.764706
72.8042328
68.69833593
98.88888889
5728.571429
2696.568627
77.13935145
1310.135002
73.68298558
516.3328197
0
0
146.5331279
5000
98.8002451
1044.024515
73.00714286
0
2688.906009
77.13149171
1234.123504
73.39374556
9774.125874
98.98725212
0
99.54545455
13011.11111
2905.084746
96.67230682
1003.937419
73.36734694
10683.33333
99.07264297
0
98.5
441.6666667
98.5
441.6666667
69.216624
0
2742.857143
77.18592965
1138.282209
72.95211329
528.5714286
0
0
68.57142857
66.66666667
5942.307692
99.02783404
0
97.87852886
1091.474554
449.5582652
0
698.7742594
69.98465473
0
2293.089431
76.65704094
823.1310322
72.06776398
0
583.8559814
0
56.60326087
0
0
97.69181789
2506.896552
98.61111111
7100
0
241.902109
56.60148976
67.43175487
536.5248227
0
8042.991507
98.77195009
99.89641778
94691.66667
412.7032967
64.39643347
0
203.9751553
125.4072042
0
701.056338
70.01318681
0
2732.352941
77.17549325
960.4524887
73.46459992
11526.38889
99.13988771
0
99.54545455
13011.11111
2905.084746
96.67230682
1003.937419
73.36734694
10683.33333
99.07264297
0
3900
56
3833.333333
97.45762712
0
0
98.7804878
654.2857143
69.39393939
654.2857143
69.39393939
604.7619048
68.64864865
604.7619048
68.64864865
604.7619048
56
66.66666667
100
175
76.88311688
0
200
98.31356393
58.66666667
75.85365854
0
98.79518072
300
0
62.02738932
74.87179487
2846.666667
71.74358974
0
72.05555556
0
72.05555556
0
74.23076923
71.11111111
99.96916895
4400
97.77777778
4400
1388.888889
73.22056385
6560
75.24324324
0
69
133.1818182
98.88888889
2220
98.27586207
98.21428571
97.33333333
3650
0
75.55555556
98.78378378
0
7200
99.5890411
1261.111111
74.12244898
733.3333333
172
76.47058824
733.3333333
70.4
733.3333333
172
76.47058824
733.3333333
172
0
172
0
172
76.47058824
1400
76.63785395
0
507.9787234
99.56255468
28830.06993
73.52132325
0
98.26839827
5757.142857
0
0
1932.729881
74.80746869
1300.701992
74.28857812
207.8446731
0
700
380
337.8947368
99.52423878
233.3333333
56
233.3333333
56
233.3333333
56
326.6666667
61.25
326.6666667
61.25
326.6666667
61.25
233.3333333
0
0
56
233.3333333
56
233.3333333
60
97.82608696
98.35164835
99.74362611
10500
0
0
77.03703704
10765.7337
76.31870234
64
2371.680672
63.57392989
510.8374384
65.80645161
0
72.54079254
725
75.15151515
6900
73.71428571
341
0
0
97.71232485
700
446.40625
0
214.88006
0
0
0
0
72.99516908
600
68.57142857
1000
72.72727273
3800
97.43589744
1042.068966
72.99516908
1042.068966
72.99516908
300
60
3330.177515
97.08469898
100
0
1700
75.55555556
1064
73.12714777
1072
73.17406143
5914.814815
0
64.82607281
71.03258278
774.3944228
66.59459459
0
774.3944228
70.85081081
0
66.66666667
99.46998755
891.6666667
71.93277311
98.27586207
70.48387097
5980
98.35526316
287.5
132.2580645
71.66666667
69.33333333
650
69.33333333
650
62.60869565
72
0
8600
98.85057471
11500
98.27586207
0
97.35449119
2177.807487
0
0
494.9871887
71.21412861
0
62.66666667
3828.445474
97.40688373
0
96.80851064
97.17695257
73.04347826
0
38270.0495
74.33296419
2180.645167
76.49222066
64.54777721
417.7248677
157.5370465
0
194.3280531
0
727.7976495
97.77777778
443.6111111
0
0
100
292.5
98.40764331
0
4114.285714
97.62711864
99.17012448
100
0
100
0
0
71.13523293
75.63636364
1733.333333
75.63636364
1733.333333
287.5
60.64516129
113.3333333
0
6300
97.1875
5600
98.24561404
100
0
6800
98.55072464
800
71.11111111
1300
4400
98.88888889
20400
99.51219512
200
75.29411765
2900
69.33333333
60
68.57142857
0
0
8700
98.86363636
98.7804878
99.49238579
8900
98.88888889
60
0
8700
98.86363636
68.70588235
0
61.25
860
71.66666667
3281.21547
77.11418103
58.13664596
265.9090909
60.1242236
311.25
0
76.83453237
3063.636364
96.83908046
9000
180
98.9010989
98.32380952
98.25174825
5620
500
98.07692308
0
8700
98.86363636
8243.75
0
74.10011123
0
0
3829.399368
98.93961741
374.7252747
0
0
1146.65404
73.58282271
65.74074074
461.038961
0
0
206.25
0
155.2083333
0
98.27586207
308.3333333
150
76.30769231
0
344.4444444
0
0
5142.105263
98.09236948
0
0
0
0
0
77.28632479
4880
97.99196787
0
0
0
0
0
97.89473684
100
3385
97.13055954
3100
96.875
62
0
0
0
0
0
1050.684932
73.04761905
146.5753425
0
96.66666667
96.66666667
98.88888889
662.5
70.16393443
113.3333333
0
5233.333333
98.125
860
71.66666667
0
5400
98.18181818
98.27586207
965.2244435
98.81622223
0
0
212.3595506
76.83453237
3063.636364
96.83908046
15500
99.03846154
10400
98.94179894
2930
96.69966997
0
0
98.7804878
1500
70.85714286
8600
98.85057471
74.54545455
70.58823529
72.5
9400
99.22807018
4304.545455
73.01547988
1699.054374
75.55321945
526.8058839
67.23687795
0
71.9047619
0
0
0
0
14250
0
73.21292461
0
0
9680.859917
98.24730573
75.00929839
0
10308.68538
98.39823218
98.96405263
1466.666667
74.89361702
70
700
98.13278008
3944.444444
97.52747253
72
0
205.4545455
76.66666667
0
100
9100
99.86413043
700
98.20872929
58.66666667
2484.914596
0
3312.5
69.33333333
98.60966953
0
66.51996071
96.79633028
0
494
0
0
0
75.82608696
0
0
100
4167.123288
0
74.71544715
4773.846154
60.60606061
73.22916667
15666.15385
99.3657299
133.8461538
0
569.8039216
68.05620609
569.8039216
70.75777852
0
470.6031746
69.15099588
0
569.8039216
68.05620609
569.8039216
70.75777852
0
498.6904762
0
0
66.63750249
64.76190476
0
498.6904762
66.63750249
64.76190476
232.2291022
62.25701239
350.8823529
62.25701239
350.8823529
0
592.0454545
71.67684729
0
0
0
382.1428571
0
64.44444444
68.57142857
25569.23077
99.61042853
26180
60.11161847
74.28571429
62.85714286
366.6666667
1502.857143
75.00891266
245
77.03703704
97.01696438
0
0
99.51910232
21837.5
0
2004.504505
76.19863014
76.81097561
0
0
4676.923077
97.90660225
67.05882353
65.45454545
0
6263.636364
98.42857143
0
0
0
71.07182259
102.4096386
0
5639.759036
98.25776658
96.882494
3469.230769
1400
0
98.4375
580.5555556
60.16326531
0
375.2
0
0
5202.793448
97.45281974
0
0
0
0
0
2029.166667
76.24266145
0
0
0
73.79432624
780.4571429
72.67912773
0
193.75
240.4255319
56.5
76.36879433
2103.125
208.6524823
0
536.1054767
66.51785714
0
71.79487179
1736
69.97821351
6095.652174
69.69263158
0
494.1901408
65.77777778
62.22222222
0
4907.407407
98.00295858
74.44444444
1340
74.44444444
0
0
0
0
69.62162162
733.3333333
100
0
97.43589744
4900
6900
98.57142857
0
0
0
849.6230159
96.8575667
0
0
0
0
0
97.22222222
3900
470
67.36842105
66.66666667
142.4242424
0
6748.484848
98.53982301
77.14285714
3766.666667
1000
0
0
0
0
72
1533.333333
76.32653061
0
98.50993902
0
6305
99.60967994
14112
97.36138475
7900
98.33333333
64
1070
0
0
3664.600551
75.85613406
98.66666667
68.57142857
66.66666667
415.2542373
99.67105263
300
65.61027837
60.63492063
1493.442623
74.97942387
883.6065574
71.552
2326.136364
96.91176471
64.76190476
166.6666667
125
0
98.46153846
98.88888889
68.57142857
5400
98.18181818
0
0
0
1066.666667
0
97.25375934
76
2733.333333
22305.49188
71.96787562
76.44372721
1911.764706
187.7192982
0
76.44372721
77.17647059
63205.55556
99.84203598
63205.55556
99.84203598
63205.55556
98.52941176
2700
98.21428571
5100
73.84615385
0
0
98.93617021
100
0
266.6666667
96.96969697
0
0
4353.125
97.89473684
0
3724
97.38493724
0
0
65.45454545
4800
97.95918367
8266.412214
97.55968674
0
71.68831169
400
0
1139.072165
76.12613362
0
3540
69.56043956
63.15789474
6460
99.3902439
400
64
1100
891.257732
73.54355604
0
100
75
400
64
7900
98.75
1300
4200
97.6744186
6400
98.46153846
700
0
98.26490815
0
71.51515152
842.8571429
1013.636364
72.81632653
191.6666667
0
934.0909091
98.07692308
402.8571429
433.3333333
98.27586207
98.71794872
9775.776398
1012.5
57.94756554
73.84057971
57.41176471
254.1666667
0
267.5
97.95918367
74.28571429
60
0
97.05882353
15712.5
97.8972332
5191.353383
97.42451155
0
1164.197531
72.734375
73.11827957
1158.888889
73.64518976
1158.888889
73.64518976
1158.888889
73.64518976
1158.888889
73.64518976
1158.888889
0
0
73.11827957
1062.5
73.11827957
99.09842562
306.993007
64.87972509
0
68.57142857
511.1111111
650
69.33333333
74.82931628
97.27891156
0
75.06035606
0
75.55824753
98.54077253
69.53684211
2888.461538
64.38438438
0
64
18900
99.47368421
337.5
0
98.24561404
5150
98.0952381
926.6666667
72.20779221
926.6666667
72.20779221
954.2857143
68.61788618
602.8571429
68.61788618
602.8571429
0
66.93877551
70
0
0
0
65
0
0
2078.796343
96.87066584
3557.142857
0
73.22916667
76.69421488
64
300
0
4372.049689
97.5
0
74.28571429
700
58.66666667
150
5876.744186
339.4811933
99.74619289
300
60
835
71.44385027
835
0
133.75
62.03208556
252.3809524
0
0
150
0
25500
98.2421875
70
6600
74.62686567
1411.111111
74.70588235
0
0
0
99.64835165
12700
75.26041667
65.26315789
68.57142857
98.4375
3250
98.50746269
69.11564626
98.51941921
73.84615385
26700
0
77.01492537
72.8358209
62.5
60.95238095
3320
97.07602339
71.17647059
8400
75.76470588
5300
98.14814815
97.73333333
70.58823529
750
223.5294118
0
0
99.13305415
566.6666667
0
0
7960.606061
77.11586659
0
139.7435897
1047.058824
73.02564103
0
0
220
241.8803419
76
7100
0
1361.406501
76.82302142
57.84615385
98.95229186
72
900
72
900
72
900
72
900
920
0
743.75
69.88641975
900
74
0
0
2409.52381
63.79506641
237.5
99.30555556
1900
900
0
61.8
0
147.6190476
900
97.30769231
900
97.5
6900
56.95238095
371.4285714
96.96969697
4900
66.84
1766.666667
75.71428571
900
76.8
900
0
69.33011437
126.4567799
0
72.13402542
126.4567799
0
59.39393939
73.63636364
300
102.5
640.7407407
69.2
0
74.07407407
10733.33333
70.03076923
0
480.5724589
0
0
72.52525253
60.78431373
99.22375266
73.6
29400
99.83050847
400
8268.75
72.627728
156.4102564
0
0
62.028125
96.96969697
65.35469108
0
0
455.5555556
0
0
0
74.05867819
130.7692308
0
71.68659794
0
66.66666667
0
74.79905437
990.9090909
0
392.3076923
60.2
72.72727273
97.43457114
1560
0
0
72.72727273
0
0
72.15686275
8900
71.82222222
0
309.731114
64.93
900
72
72.59846683
70.98039216
59.13043478
1000
0
900
72
900
72
0
0
150
200
0
0
99.10076043
768.9655172
70.79365079
4075.212718
97.60491245
10965.84781
99.61437737
142.4242424
0
142.4242424
0
142.4242424
0
134.3434343
0
134.3434343
0
142.4242424
0
142.4242424
0
242.6573427
56.65306122
225
0
242.6573427
56.65306122
134.3434343
0
225
0
142.4242424
0
142.4242424
0
98.70753525
0
76.44444444
440
0
0
0
275
98.88888889
98.93004723
0
98.88888889
68.14814815
150
98.9010989
3733.333333
69.56521739
64
63.58974359
67.80952381
162.1259653
74.00506329
738.0165289
0
69.93333333
0
99.33687003
150
500
0
98.88888889
64
400
0
0
66.42754663
61.39534884
0
69.33333333
650
69.33333333
650
66.66666667
300
76
875
71.79487179
97.20730397
275
69.33333333
98.38709677
1900
0
0
0
58.83597884
76.98899826
69.91948935
350.4056616
0
0
552.3076923
103.7735849
99.76851852
9136.8
98.91737398
6530
57.59495407
63.84332925
395.1515152
126.1933905
73.27185198
66.64367816
912.0481928
98.85057471
61.09222381
71.93914125
0
0
76.98899826
2556.923077
76.98899826
98.85057471
97.98657718
0
3250
128.358209
98.20261438
900
72
0
58.66666667
275
58.66666667
275
58.66666667
100
1650
171.4285714
98.94736842
275
58.66666667
175
0
175
0
0
65.06313131
66.81318681
650
58.66666667
1127.692308
7671.714202
99.2873069
68.23529412
112.5
225.3781513
3860.12446
74.91626296
97.12643678
27100
69.50464396
98.87905605
1850
357.4898785
64.55920242
0
0
0
65.61797753
457.5657895
628.6135693
65.62461538
278.8527397
58.55044391
1134.587598
72.28477927
0
135.4347826
0
135.4347826
721.1757464
247.8448276
99.87608426
15685.19553
99.36649502
16400
74.18181818
1225
0
281.3169388
0
97.86585366
742.4489796
0
69.1180867
635.1648352
69.1180867
742.4489796
70.50387597
635.1648352
69.1180867
635.1648352
69.1180867
635.1648352
69.1180867
635.1648352
0
99.16666667
62462.5
70.91253313
74.66666667
1400
433.3333333
65
2184.615385
67.74410774
71.11111111
567.0993746
0
5089.473684
98.94892126
0
0
99.96343693
17654.28571
111.818038
72.34180638
56.66666667
113296.3759
0
0
0
219.5691203
0
0
540.9399006
67.51833051
0
0
0
0
542.1657096
67.54215636
0
580.7893677
67.51538097
0
0
1040.837495
72.82596983
567.0993746
0
5089.473684
98.94892126
0
0
0
8895.673077
98.88835444
419.2307692
64.59259259
1124.519231
73.46682371
0
97.22881892
1680.078125
0
0
8895.43379
98.88832487
420.5479452
64.63157895
1114.611872
73.41353383
0
8392.857143
98.82253995
392.8571429
63.76811594
1050
73.04347826
75.20521173
44030.43478
99.00582176
57.70462693
58.7485242
191.1111111
18022.1374
99.0547599
335.9375
72.77777778
335.9375
72.77777778
98.11398109
6088.495575
0
72
0
0
319.3548387
130.7692308
59.63636364
10186.30952
99.02783404
0
1450
74.83870968
0
0
29878.26087
99.02683104
98.66868448
360
31421.73913
98.98432602
62.29372186
0
32122.22222
98.98432602
75.3533271
0
8020
98.79086431
98.07692308
567.0993746
0
5089.473684
98.94892126
98.6013986
72
67.09677419
0
0
72.00704464
0
73.62068966
7776.54321
98.88857224
98.27586207
98.16743325
0
390.9090909
63.7037037
1045.454545
73.01587302
63.13194598
0
26453.19149
98.85022385
401.7699115
64.05643739
1070.79646
73.1670446
335.9375
72.77777778
335.9375
72.77777778
72
567.0993746
0
5089.473684
98.94892126
567.0993746
0
5089.473684
98.94892126
72
72
56.07435276
5229.72973
98.94892126
56.07435276
5229.72973
98.94892126
0
0
322.2222222
0
0
200
0
0
98.42883549
0
0
97.06515166
736.587963
97.21089301
0
71.66666667
3085
0
517.868198
97.81076772
2013.548387
0
379.3827411
56.90311419
0
119.7514716
463.8664819
73.06826784
518.0555556
64.32936273
2011.85948
98.64194203
67.36842105
14806.66667
0
0
1591.286989
99.86705586
2642.826667
0
76.83108294
2468.57971
97.92362553
4716.086957
97.92362553
107263.5438
59.48717949
0
97.43589744
3900
0
2579.487179
72.14035088
0
62.84057971
0
156.6666667
56.62337662
73.33333333
0
113.4646962
0
885.2216749
66.62857143
180.8641975
0
138.2133995
96.66666667
66.48018648
0
0
6857.692308
77.02819237
0
0
0
69.33333333
58.57142857
73.33333333
77900
98.46153846
116.6666667
76.92307692
2500
76.92307692
2500
0
0
75.87096774
1700
0
65.25345622
300
0
836.8686869
65.63881402
0
0
285.3624696
59.24032403
111.143695
56.2962963
57.5
0
0
301.025641
56.87498708
68.58823529
74.50171821
10100
0
99.79101358
242032.1429
63.14969689
66.2745098
665.7142857
69.55223881
0
2111.297331
98.50138483
776.6233766
0
97.22222222
73.23943662
97.73419469
2198.387097
76.51929825
97.68491365
2185.714286
76.5
98.46153846
0
98.79032258
0
0
1000
0
14681.95251
0
97.87234043
0
0
10576.96203
76.50564544
76.17671472
72.38095238
173.125
65.35469108
446.25
266.1327231
58.15
73.1655225
6671.428571
60.50632911
0
0
66.78899083
613.9393939
68.79456706
613.9393939
68.79456706
505.5555556
66.78899083
613.9393939
68.79456706
613.9393939
0
0
188.3597884
0
188.3597884
0
0
76.59903382
0
321.875
0
0
1679.166667
73.25526932
0
306.4516129
60.31746032
2285.765306
75.87396548
0
0
3090.416517
71.41200929
0
123.6024845
0
0
0
0
283.3333333
59.13043478
585.7142857
68.33333333
1416.666667
98.9010989
0
0
17060
98.83449883
70
58.66666667
275
58.66666667
275
58.66666667
275
0
70
0
70
114.2857143
99.60058581
5600
487.6315789
98.27586207
0
0
65.97893224
0
70.44702302
0
598.4126984
61.81818182
0
97.35449735
3680
98.82352941
541.9753086
77.14285714
5675
98.7012987
96.66666667
2900
6433.333333
99.48979592
200
0
200
0
200
0
200
0
200
0
200
0
200
0
300
60
300
60
300
60
200
0
300
60
200
0
200
0
98.73378528
0
0
99.96807087
5668.75
0
59.71014493
393.75
0
4456.763285
97.06122449
0
1025
72.88888889
98.75
7781.818182
98.73125721
291700.6431
99.96573003
7900
0
99.16666667
7900
98.75
8900
133.3333333
238.4976526
99.87938012
13845.10309
0
99.8139881
29700
99.86577181
150
25500
99.609375
200
522.2222222
3403.571429
74.12844037
0
0
76.84579439
300
553.1578947
328.6865431
0
77.14285714
0
787.0114087
98.65787951
764.2045455
97.58930528
4048.181818
0
98.9539749
74780
99.86645299
8267.272727
77.13168188
10326.66667
97.44245524
945.9090909
72.35115167
2450
73.55311355
69.09090909
250
58.66666667
10120
97.84735812
98.93116717
6600
70.44776119
75.74603175
0
2937.037037
76.3902439
0
100.4371585
0
100.4371585
0
72.96875
0
650
75.89014029
58.28947368
62.93333333
77.29845626
1700
97.77777778
0
11900
72
4900
70.68205128
63.25151348
0
0
0
0
0
0
0
74.66666667
250
57.14285714
3983.333333
97.55102041
3983.333333
97.71373501
471.1976628
98.24929256
10740.0719
0
98.52195946
7900
99.64285714
0
8700
98.86363636
8700
99.43181818
8700
0
150
543.902439
766.6736022
70.66441037
98.87640449
6533.333333
99.74874372
500
100
73.33333333
500
66.66666667
18087.05036
96.70094937
157.1428571
0
1116.666667
365.2631579
0
98.46153846
6003.305556
0
65.61797753
462.4609375
70.66601847
728.4688013
261.3474387
57.69861783
0
0
0
76.74252492
56.07096302
234.5342523
0
0
0
77.28813559
0
61.77946263
339.0649867
99.38356444
14015.78947
0
74.53194766
1363.043785
99.71520561
700
170
150
99.25925926
49564.2487
0
60.01673278
0
179.221876
0
0
0
5200
98.82075472
8380
98.11320755
458.4045584
97.95918367
480
0
0
60
0
331.6666667
67.64478764
98.88888889
100
0
98.30508475
98.30508475
73.84615385
73.84615385
98.38799678
1790
75.76719577
60.84815321
74.28571429
100
0
0
98.63013699
0
0
0
1214.393939
96.72255698
436.3709033
65.19225037
74.25096739
103.0769231
99.24242424
4900
0
0
0
59.60784314
98.87640449
8800
98.87640449
8800
97.5
76.36363636
7400
877.7777778
76.83636364
0
65
66.20689655
75.34883721
64
150
0
0
74.66666667
0
0
703.5714286
96.66666667
0
0
0
0
200
0
0
66.66666667
300
69.13694903
0
133.3333333
70.82892416
105.0213675
98.74934862
400
64
100
15850
99.68652038
100
250
6757.142857
98.54166667
328.5714286
61.33333333
0
70
70900
99.85915493
17166.66667
71.31274131
75.73333333
17166.66667
99.42084942
1775
75.73333333
17166.66667
72.76061776
1005.066667
72.76061776
1005.066667
98.27586207
75.55555556
0
76.89922481
292.7272727
59.62962963
365.8181818
63.01639344
0
72
300
0
133.3333333
60.19047619
1342.307692
74.45333333
99.01156725
0
0
1072.368421
73.17620651
98.78116833
167.8571429
0
69.28571429
646.6666667
0
0
0
1006.451613
62.58503401
0
148.8888889
0
69.33333333
0
786.5490473
70.97624658
500
0
76.94915254
0
71.11111111
0
71.41242938
98.92473118
97.98657718
3415.891473
97.47179657
98.36021505
112.244898
0
0
1340
74.44444444
98.88888889
98.8851728
0
71.11111111
800
57.71428571
99.79701008
64
3650
98.28738513
1471.022727
74.90777577
686.25
69.82511924
0
220
0
1400
0
68.57142857
0
0
96.96969697
60.91198926
61.55555556
63.4767642
76.52173913
76.66666667
74.3235276
170.9677419
0
98.38709677
6200
96.82539683
0
990
112.8440367
0
395.412844
99.26205182
6600
60
813.4328358
76.60130719
0
99.78632479
5100
98.07692308
6968.75
57.32891389
70.93137255
694.5945946
98.97959184
700
223.75
0
99.7260274
2566.666667
77
14158.33333
0
0
780.66605
69.47712418
0
77.05436431
2615.882353
77.05436431
2583.333333
77.01863354
2583.333333
77.01863354
2583.333333
77.01863354
2615.882353
77.05436431
2583.333333
0
77.05436431
2615.882353
77.05436431
76.92307692
7667.020592
98.6205411
65.77777778
462.5
126.6666667
0
0
99.78723404
58300
96.83219178
121.6216216
75.12195122
540
67.5
540
0
69.18918919
640
69.18918919
98.27586207
98.93617021
185.7142857
59
900
3478.077803
99.7646487
170
16583.33333
99.97779998
9000
98.9010989
81800
71.11111111
2371.167211
99.76653823
547.6190476
266.7279412
98.39598997
6134.375
76.15037594
716.6666667
154.4642857
96.84466019
1961.538462
74.22885572
0
0
0
0
62.30769231
0
62.30769231
0
19400
0
0
0
106.637688
0
99.10714286
8800
98.87640449
100
0
200
1766.666667
75.71428571
76
0
250
0
75.11111111
104.5454545
0
104.5454545
0
104.5454545
0
104.5454545
0
175.7575758
0
0
0
175.7575758
75.36231884
884.8484848
76.92307692
100
0
100
0
5866.666667
75.97765363
0
0
0
4880
97.99196787
33080
99.69861362
1000
74.18181818
0
0
0
0
1175
65
0
72.84262485
0
0
76.58119658
130234.6154
99.07929294
8505.591398
97.50162435
1341.860465
74.4516129
0
73.16239316
1070
643.5897436
69.24137931
0
1711.155914
75.58293135
1008.870968
99.33333333
1252.727273
74.08602151
11122.5625
97.92085512
495.1785714
66.55865587
2257.142857
0
97.91013584
287.9472554
59.27062768
0
200
0
61.74174174
587.5
0
0
100
0
5400
98.18181818
0
100
0
5400
98.18181818
72
4600
97.87234043
98.25581395
3566.666667
97.27272727
0
100
0
5400
98.18181818
0
0
1962.5
0
0
0
0
0
2847.368421
77.28571429
0
0
64
64
0
0
0
0
0
189.5927602
0
3890.066694
77.31180676
58.40083074
201.1538462
0
0
99.94579946
148366.2577
0
97.63344051
633.8916179
74.4459279
807.3777778
240.9090909
56.53333333
1969.26018
99.68044324
1506.27451
75.01953125
1506.27451
453.3854167
98.875
855.5555556
98.66190901
7650
96.77419355
0
97.69911504
198.0769231
0
174.0384615
0
1792.664165
0
0
700
0
76.92307692
99.28088166
404.1666667
161.8181818
0
73
58.02197802
0
69.49773033
0
799.0136364
77.16861409
590.0468384
0
0
63.73889692
245.8333333
58.79518072
0
76.33940918
0
535.6304985
0
164.1025641
0
99.65277778
12140
73.20261438
72.30769231
23300
74.25641026
0
75.19230769
17180
71.55555556
426.3157895
64.8
0
0
68
52859.03107
99.76921364
13129.09091
0
74.10899926
66.90909091
8165.109101
98.79009462
511.1111111
66.90909091
12492.59259
0
0
73.66795367
1158.448047
0
0
0
73.6766396
1165.150094
0
61.16680185
0
762.0756173
99.93287089
6500
76.76767677
250
0
338.2205029
61.74435028
97.57575758
135326.2238
0
0
74.90299401
0
3799.713631
99.9287697
860
71.66666667
1160
73.65079365
1160
73.65079365
1100
73.33333333
1160
73.65079365
700
125
62.22222222
65
0
0
100
0
70.12345679
199096.6038
99.69879005
66.66666667
350
433.3333333
60
4300
56.36363636
73.84615385
8700
97.72727273
3502.260274
0
0
0
0
72.94663619
1034.210599
0
786.8544287
0
170.7723516
0
0
0
112.9537622
0
0
155.8379132
0
58.79753278
263.7058436
0
99.71291866
34196.42857
75.72355861
2354.545455
75.92592593
1121.818182
0
250.3618134
0
64.48801743
895.3079484
71.37848803
6764.219467
70.2027782
0
472.2352941
63.33333333
59.78947368
70.36144578
900
74
2000.136054
75.59816878
0
147.6190476
0
147.6190476
98.18181818
300
98.70591017
0
233.8461538
56.03686636
1935.384615
74.84126984
146.1538462
0
11717.01978
98.25024215
1328.571429
74.4
796.6600529
99.55744053
7100
66.9047619
341.2121212
0
0
148.8888889
0
99.8723131
100
308.3333333
230.6122449
0
926.6666667
99.85883682
97.89473684
757.1428571
933.3333333
0
77.03703704
6009.090909
98.36309524
60
2133.636364
69.25518926
0
2133.636364
76.41839642
200
0
2133.636364
0
179.2045455
0
179.2045455
99.84297338
23900
0
361.5384615
98.52380952
119.3548387
0
150
0
3426.666667
69.79206049
0
0
400
64
100
0
300
60
0
0
57.92463768
0
0
0
824.2857143
63.86398764
0
0
100
0
97.14285714
3400
809.4581281
56.28729282
0
135.875
600
68.57142857
100
0
0
0
0
0
0
0
0
0
300
0
100
62.22222222
0
0
306.25
70.15384615
216.6666667
0
97.19400097
2778.571429
72.05425143
71.11111111
0
62.22222222
0
60
0
0
62.22222222
725
59.42857143
96.96969697
150
0
0
100
0
300
76.36363636
75.34883721
1100
0
98.41269841
0
180.4761905
73.48047538
96.875
30581.39535
0
0
0
0
0
96.875
300
75.41984733
753.3333333
73.125
96.85314685
0
0
0
192.2077922
0
69.55406587
0
74
100
0
0
500
0
300
0
56
233.3333333
0
62.22222222
0
0
0
72.36363636
70
100
700
70
0
255.5555556
0
200
0
940
76.15384615
380
63.33333333
700
0
61.81818182
340
61.81818182
360
64
540
97.5
525
0
1850
66.15384615
0
76.0138936
73.6
168.3333333
66.54244306
319.010989
0
56.17857143
150
64
96.96969697
97.05882353
0
0
0
64
98.36065574
250
43213.04348
99.67017524
0
25900
75.07692308
0
163.2142857
0
0
98.90988372
5766.666667
98.29545455
99.6126176
460
65.71428571
64
400
64
400
64
400
64
2983.333333
0
0
67.02702703
516.6666667
67.02702703
516.6666667
980
56.65598291
69.064836
5257.142857
98.13333333
0
60
460
65.71428571
460
0
0
2212.5
76.54054054
8328.571429
97.21927966
98.47619048
6300
98.4375
17400
97.14285714
1212.5
73.9047619
1212.5
73.9047619
2450
2729.803922
97.39355084
0
286.7403315
0
97.01492537
2220
64.61206897
3371.148459
97.1191091
1322.969188
74.37795276
505.0420168
261.8518519
0
73.38888889
62.07282913
346.25
62.07282913
0
99.85074627
5400
58.82352941
24275
98.46153846
0
0
71.27272727
816.6666667
71.27272727
816.6666667
0
62
5900
97.35449735
740
650.4058442
76.25202812
0
7600
0
97.17514124
75.2
1566.666667
75.2
1566.666667
230
0
2870
0
107.3316283
61
71.57894737
73.33333333
700
2187.5
98.90710383
0
23900
74
172.6495726
66.95924765
1275
74.18181818
10653.27273
99.76751264
2642.307692
75.62412342
0
2642.307692
77.08274895
0
0
2642.307692
68.33099579
585.5769231
68.33099579
585.5769231
61.3006574
0
74.36363636
609.6774194
98.05068226
2060
73.48148148
0
60.8
0
60.8
97.91666667
0
0
0
97.88149351
1080.076628
67.0961039
0
11462.85342
99.13516157
2070.686456
76.31452991
0
669.7580645
69.60712415
669.7580645
185.8379169
0
74.80356207
60
5620
71.60839161
0
1274.567972
0
0
71.38059701
335.0649351
527.2636816
99.77791878
471.4285714
5439.831288
76.02875993
181.8181818
0
0
0
66.80351906
506.2222222
66.80351906
506.2222222
76.48093842
2173.333333
76.48093842
2173.333333
75.01581893
56.78571429
174.6153846
0
0
145980
76.97297297
1195.238095
76.17647059
0
450
0
0
77.22981808
0
59.77011494
250
73.76623377
1183.333333
1267.300249
75.33317398
98.37177748
6041.666667
98.37177748
96.66666667
74.61250217
303.4188034
99.57627119
14750
98.98989899
922.7272727
154.2222222
0
0
1528.92562
99.74632166
2320
76.69421488
14300
75.55555556
96.66666667
68.73239437
72
0
56.92307692
3200
98.48484848
98.90251055
10585.47419
98.83018762
780
0
867.7419355
71.73333333
60.64516129
406.6666667
906.5789474
73.51633987
67.09677419
520
67.09677419
98.18181818
99.39944631
6500
98.48484848
13760
76.22895623
98.27586207
0
76.89922481
3404.761905
69.56521739
66.66666667
76.36753132
76.76975945
18100
98.3974359
13550
98.53479853
2100
73.18181818
593.3333333
68.46153846
2833.333333
77.27272727
4700
0
97.87234043
100
0
209.5480138
74.73614304
0
0
0
97.08333333
3328.571429
97.08333333
98.82352941
2516.541353
98.06896552
12757.14286
97.77777778
1064.285714
77.05521472
66.66666667
300
0
0
60
300
0
145226.2857
98.86462384
0
77.04433498
0
75.54098361
311.7647059
0
75.37091988
97.8956229
140
71.66666667
2556.923077
76.98899826
140
0
2433.333333
76.84210526
98.21428571
98.52941176
68.48397847
70.98634008
57.52508361
353.125
62.34482759
353.125
62.34482759
1462.5
3472.04
96.95412145
97.5
0
340
97.15909091
3900
70.4
200
0
56.19047619
57.23636364
76.73555909
2350.649351
76.73555909
2350.649351
0
97.2826087
97.8709675
99.89754742
8300
1089.927184
98.12413492
10488.23529
98.88888889
97.84482759
99.91569736
1775
76.76767677
11177.77778
0
634.375
98.93617021
69.68074048
77.14285714
76.8
20400
98.7804878
99.56521739
19800
99.49748744
77.17647059
0
0
0
97.37631184
58.66666667
11566.66667
67.04
71.53439153
4488
59.07585004
0
1804.761905
75.8
0
0
75.76719577
1790
99.18367347
1433.333333
69.56521739
5775
97.87234043
99.90418871
2150
72.90723302
0
0
0
0
0
1100
98.93617021
0
128.5714286
0
62.85714286
357.9843225
62.53215316
350
98.04964539
0
75.45010628
9631.924883
98.56143567
5032.230576
98.97937258
30663.63636
0
96.700491
70.20446423
0
0
68.28276878
13400
0
97.96803951
99.07894737
3900
0
0
57.77777778
70.18307212
0
58.125
22450
0
0
75.55555556
588.8747616
98.32502769
67.21966206
0
150
0
60
400
0
74.87804878
15011.11111
61.17647059
99.95617647
208344.4444
76.04264392
65.45258621
0
76.66666667
33650
99.20987654
60
972.7083333
70.67780151
0
0
0
197.1428571
66.53846154
494.2857143
0
57.21518987
2556.875
97.36532581
239.2857143
58.10526316
3772.281167
97.4175429
99.77876106
359900
98.95833333
148.6772487
98.29787234
0
76.96571862
1100
75.37234043
98.54483817
0
2753.603604
99.33405683
634.2222222
68.28087167
734.7107438
71.08910891
0
0
174.1814429
0
0
0
0
98.2421875
1160.740741
72.08
260.6060606
236.1344538
98.79931389
96.96969697
900
233.3333333
68
566.6666667
5145.062027
98.82740826
3102.933985
97.4980916
76.36363636
76.36363636
76.36363636
806.1337341
99.03013393
6114.039125
97.98333333
159243.9883
57.87804838
97.87234043
0
99.99094744
112900
180.420354
99.40828402
7628
98.70600414
113.3333333
0
3526.666667
63.82352941
56.72727273
385.625
1881.981982
77.14285714
61.77908297
0
75.26829268
477.3195876
66.14285714
765.9793814
71.36904762
562.0689655
67.91666667
2914.818032
98.04795599
0
0
0
6680.116959
72.27186476
114.2857143
59.77777778
1007.692308
72.88961039
0
1677.834144
75.73473239
0
77.22222222
0
76.93617021
34252.85714
0
71.30434783
0
440
0
2900
0
56.42857143
895.6709957
97.56521739
99.69729399
300
191.6666667
73.14285714
200
100
98.12392796
75.42857143
3900
0
73.40659341
0
0
0
0
0
56
76.42857143
1260
98.71929825
65525
98.48888889
638.1803616
72.57426749
0
57.536
7592.307692
99.81481481
1925
650
0
63.44827586
600
0
64.73767886
530
97.89473684
0
0
67.04761905
77.25490196
1928.571429
74.92957746
0
0
62.22222222
0
0
395.2380952
417.6282051
0
0
0
99.35483871
562.5
1804.761905
76
68.57142857
18100
98.9010989
0
68.57142857
0
98.21428571
99.97113334
3900
0
74.96855346
98.29059829
98.08510638
1900
2916.428571
56.13071276
3333.333333
97.08737864
0
0
0
3471.428571
97.2
0
0
71.02564103
0
97.11741529
15885.30762
99.0502451
4835.483871
97.97385621
15885.30762
99.0502451
4835.483871
97.97385621
7104.502814
98.99305556
6417.241379
97.93650794
9500
98.97762346
4484.90566
97.81893004
4056.036578
99.04411765
5092.307692
97.96825397
13141.37931
99.04761905
6735.9375
98.00380952
8142.424242
99.00568182
4614.285714
97.87878788
5458.312655
98.99305556
4555.172414
97.85185185
5391.205491
99.01855469
16218.40796
98.06097561
8891.735537
99.0162037
8238.235294
98.00705467
14489.66565
99.03935185
8032.53012
98.02962963
5659.100141
99.01258681
5438.461538
97.91666667
3968.141368
98.99305556
5951.724138
97.92022792
6014.649682
99.01855469
4676.119403
97.90625
99.14383562
23900
66.66666667
100
0
4900
98
300
98.7012987
70.43062201
12674.19355
96.96969697
99.20212766
0
96.89716312
73.70642726
0
98.36690256
2600
70.37957447
1097.452229
98.29343972
99.9803619
5315.384615
68.57142857
99.98670476
3900
0
0
0
0
0
99.19354839
4100
97.61904762
129.1666667
56.72727273
243.75
56.72727273
243.75
56.72727273
243.75
56.72727273
243.75
56.72727273
243.75
56.72727273
243.75
56.72727273
243.75
56.72727273
243.75
56.72727273
243.75
56.72727273
243.75
56.72727273
243.75
56.72727273
243.75
56.72727273
243.75
56.72727273
243.75
56.72727273
243.75
56.72727273
243.75
56.72727273
725
0
67.47558556
97.02388743
124.2257651
0
0
0
0
0
75.98896416
98.99022801
9803.225806
0
386.4348255
63.37602484
1186.774321
73.7829036
0
99.4
1983.333333
98.90786517
74.905735
6471.428571
98.55072464
1025
72
1550.793651
0
0
133.0532213
74.18181818
74.47716545
100.9225048
65.9375
98.33333333
98.81656805
11520
0
70
5300
98.14814815
71.63763066
460
2900
97.07259953
10700
0
99.21568627
7154.142499
99.10726826
5209.734513
98.09583333
654.0232615
99
4587.5
97.86666667
556.1035953
98.97762346
4484.90566
97.81893004
98.96774194
77.01863354
900
0
700
4175
98.24561404
0
75.82608696
97.97979798
1775
61.17647059
34700
98.27586207
65.83467357
0
74.72
99.95179199
1775
0
0
99.85286481
1775
64.91637874
0
166.6666667
76.91752577
99.002849
1775
99.43910256
900
200
280
98.24561404
62.9701513
96.66666667
10780
98.65196078
8845.454545
98.88211382
99.09297052
71.36627907
75.15151515
1900
58.84219806
96.66666667
16220
98.87663399
10634.54545
99.06842818
65
97.89473684
233.3333333
200
66.66666667
500
4460
98.24561404
96.82539683
1775
97.84946237
1775
2466.666667
62.85714286
98.45559846
98.03439803
1169
97.91666667
99.97630339
44900
99.55555556
891.6666667
99.97647405
44900
74.13333333
12263.63636
98.75306373
9570.761671
98.96595528
99.98822098
5900
6700
98.20772059
6628.205128
98.51371951
99.1872141
99.55758769
99.55562171
99.98111965
5150
8776.190476
98.52467811
0
8845.454545
98.88211382
0
97.77482839
8060
98.34558824
7188.888889
98.62804878
71.77142857
98.93162393
63900
887.5
21614.28571
97.36842105
68.57142857
97.61904762
98.73417722
75
72.72727273
13400
70
97.22222222
63900
881.25
99.36305732
60
136700
98.24561404
97.24137931
7900
600
485.7142857
73.17073171
885.7142857
76.69565217
98.24561404
99.0990991
235.2380952
98.86363636
99.38886239
0
900
325
1279.032258
98.24561404
99.95917256
11900
833.3333333
74.28571429
99.76851852
1460
6474.495272
76.25592786
1125
70.20408163
1050
0
96.94736842
70.24390244
98.68131868
5900
0
100
72
98.24561404
99.97670058
47452.23881
97.89704959
533.3333333
98.93842887
7141.37931
97.61904762
609.5476662
98.97762346
4484.90566
97.81893004
596.5086227
98.97762346
4484.90566
97.81893004
686.8809846
99
4587.5
97.86666667
6230.668853
99.02161215
3959.701493
97.91207108
76.36363636
1265.651713
98.984375
4515.384615
97.83333333
76.36363636
682.8918274
99
4587.5
97.86666667
630.9770895
98.99305556
4555.172414
97.85185185
637.439791
99.0162037
4664.705882
97.90123457
76.36363636
76.36363636
1276.962776
99.03571429
4761.111111
97.94285714
948.3045619
99.01855469
4676.119403
97.90625
62.22222222
23450
98.93842887
99.98479086
140900
75.11111111
0
71.11111111
66.10526316
153.6405055
98.5044416
200
0
17235.89842
99.06881313
4933.898305
98.01346801
76.59090909
58.66666667
11900
99.0375
4770.12987
97.94666667
2374.758324
98.97762346
4484.90566
97.81893004
3667.728124
99.07142857
7808.653846
98.04660588
8302.051282
99.01855469
5074.129353
97.92307692
4484.90566
97.81893004
18251.80723
99.0502451
4835.483871
97.97385621
9161.595547
98.96875
4445.454545
97.8
0
4886.052999
97.99440559
9161.595547
98.96875
4445.454545
97.8
9161.595547
98.96875
4445.454545
97.8
21893.12715
99.07875
4988.195387
98.03466667
3556.986435
98.82741261
3715.309842
97.49840764
8530.945214
99.04017857
4783.72093
97.95238095
3466.04392
99.03935185
5104.819277
97.96296296
21893.12715
99.07875
4988.195387
98.03466667
72
99.66777409
5733.333333
2330
99.70934073
4833.333333
98.4
60
99.72222222
35900
0
97.91666667
0
98.64864865
35500
98.87640449
98.37837838
99.95008873
13400
0
406.8518519
0
0
72.05555556
63.97638444
77.03703704
250
99.9905303
100
2100
76.36363636
400
64
9745.454545
0
67.24050633
144.2857143
0
97.85539216
99.92592593
14900
0
75.29411765
0
66.49845809
97.91666667
71.09828443
57.17579251
930.3030303
75.47058824
1880.709349
75.96104294
731.1688312
70.375
60
98.41269841
99.49494949
47900
70
0
62.44680851
0
99.99450074
211400
0
0
99.60715028
300
200
0
1400
99.66666667
1900
76
1900
76
1900
76
1900
76
1900
76
1900
76
1900
76
5900
98.33333333
5900
533.3333333
147.3684211
56.17021277
0
71.20879121
96.77419355
0
0
66.66666667
23450
98.93842887
98.86363636
0
0
0
70
650
0
471.4285714
99.78813559
400
0
57.83714335
0
63.53846154
0
0
99.94501718
19300
0
1277.990431
74.19444444
22700
698.245614
98.96978022
0
3900
97.40740741
11900
0
0
0
76
1733.333333
22700
73.42105263
99.78813559
400
1327.272727
98.93842887
5900
99.95199448
189900
76.54736842
23450
73.63057325
68.57142857
3900
0
3190.501792
77.29862208
1900
99.78813559
400
0
281900
98.93617021
337.8109453
98.4375
700
0
0
3900
0
77.26163808
97.22484695
6557.142857
98.92703863
99.9693456
181900
96.92307692
70.02712127
2271.428571
96.98795181
76.88980512
0
5605.128205
97.49598716
0
75.38461538
170900
98.24561404
66.62183182
70.09200283
74.82958356
5100
96.73076923
0
0
0
0
99.56896552
275900
98.09782609
139.7308782
98.7855612
68.57142857
3900
96.96558227
190.4435019
0
98.8179669
1432.432432
71.26984127
2809.090909
77.25
1422.297297
176.9640479
76.82692308
2809.090909
77.25
32471.42857
98.24561404
99.78813559
3650
11087.27757
63.31437961
0
650
98.05250305
8150
0
97.0212766
68.57142857
71.4893617
75.86530707
0
0
61.17647059
99.35064935
99.02097902
5100
0
0
96.96969697
28546.15385
0
57.77777778
0
73.33333333
0
0
0
0
0
0
449.131016
0
73.70629371
0
2940
0
0
97.45762712
129.1666667
629.9173554
65.65217391
544.4444444
67.5862069
1766.666667
74.28571429
0
0
346.25
0
215.3333333
0
0
327.952381
0
0
76.74281489
0
62.85714286
400
64
5000
98.03921569
19854.02299
97.66129032
57.14285714
2110
97.36048265
9500
96.875
0
57.44360902
254.6666667
528.5714286
0
0
98.93617021
0
74.45294366
97.59615385
0
60400
99.83471074
47517.78846
67.56767126
98.64864865
2634.375
540
68.21428571
353.8181818
720.5128205
97.15169271
0
98.06744913
1933.898305
74.58285714
98.16616361
0
0
70
0
0
72
2600
97.03703704
0
0
75.74468085
0
0
61.77777778
0
27900
77.14285714
75.38461538
59.23853158
0
96.92682927
0
5154.079254
97.96756384
99.9763202
14620
0
0
69.70760234
677.2727273
97.61904762
73.33333333
99.96356766
1900
56
700
0
6928.571429
76.92863595
1651.605184
75.43276072
0
0
0
0
77.17647059
60665.71429
99.83543352
60665.71429
506.0606061
64
31519.04762
98.79518072
2316.666667
0
61.27659574
3900
72.36363636
351.1062634
0
97.67691358
8071.900826
98.56644417
60
1775
99.25
0
73.83333333
22170.27027
99.5049555
25475.75758
99.37796209
76.06459627
0
69.30659983
67.5
100
0
56
1362.222222
77.26443769
4566.666667
123.8095238
97.87234043
500
350
0
97.02380952
2476.785714
99.22383922
275
58.66666667
109.0185824
99.52721106
71.11111111
3358.823529
98.7244898
180
0
180
0
180
0
180
0
180
0
180
0
180
0
180
0
180
0
180
0
180
0
180
0
180
0
180
0
180
0
180
0
180
0
180
0
180
0
180
0
180
0
180
0
180
0
180
0
180
0
121.8566205
99.3676324
4870.568182
98.74259848
180
0
180
0
180
0
180
0
180
0
180
0
180
0
180
0
180
0
180
0
180
0
180
0
180
0
180
0
180
0
180
0
180
0
180
0
180
0
180
0
180
0
180
0
180
0
0
6130.769231
77.03703704
400
2380
99.19354839
64
97.61904762
98.80952381
1400
98.43960839
2257.142857
96.96969697
96.77224652
0
99.46902655
56.47058824
96.77419355
66.57342657
100
74.07407407
0
100
75.3125
0
77.03703704
926.6666667
0
66.11111111
584.4444444
100
97.22222222
77.11111111
0
72.77777778
208.5714286
0
74.28571429
66.15384615
0
203.5714286
0
99.7972973
566.6666667
0
0
68
2600
0
98.125
98.33333333
300
98.125
60
100
74.94444444
96.66666667
98.33333333
74.66666667
0
100
75.33333333
0
96.875
500
98.14814815
64.44444444
74
97.42326639
59.68655207
433.3333333
77.283859
71.03747963
0
0
0
0
0
0
0
566.6666667
0
0
0
64
75.55555556
0
0
75.55555556
0
0
0
0
0
98.94957983
0
0
77.09745206
76.0098357
64.76190476
98.85452463
0
0
0
200
98.72340426
99.20212766
2720
0
97.83687943
74.24065466
1846.288156
0
97.10104843
2324.514247
58.46153846
60
96.93515704
0
98.25
98.93617021
98.93617021
99.23861733
98.65263158
2837.5
76.80851064
0
76.72340426
59.78620019
75.87537994
97.90871067
98.93617021
98.98989899
75.95959596
1780
97.87234043
70
98.56382979
132.5786816
98.67678861
98.93617021
0
76.57446809
98.93617021
98.63864137
99.30603891
65.21276596
75.69277064
156.4102564
72.05555556
0
97.61012301
98.36065574
64
75.53191489
73.29665679
455.5555556
76.82606383
66.56
72.34042553
76.36323108
130.7692308
69.91331757
98.81144534
98.66356383
98.93617021
60.42418742
0
71.73265495
98.93617021
0
97.36702128
98.93617021
0
0
75.56501182
98.93617021
0
77.21470019
8900
98.91252955
3002025
0
97.99601064
98.93617021
98.93617021
64.17582418
100
76.96048632
98.93617021
98.93617021
98.96907216
0
77.03092784
1988.888889
0
73.04285026
2052.941176
76.28415301
0
69.19452325
60
148.8888889
0
0
60
319.3333333
75
96.66666667
97.17647059
2741.666667
76.95014663
238.4615385
56.36363636
75.77451439
1656.720349
75.75853027
118.1088873
74.48275862
3740.070922
64.41232493
96.66666667
58.97343546
0
2525.26096
96.99880716
96.66666667
96.66666667
96.66666667
96.66666667
96.66666667
96.66666667
97.95918367
97.95918367
96.66666667
96.66666667
96.66666667
96.66666667
96.66666667
96.66666667
96.66666667
96.66666667
96.66666667
96.66666667
96.66666667
96.66666667
96.66666667
96.66666667
96.66666667
96.66666667
56.92307692
0
5684.291899
75.17906171
111.1986374
1873.28629
99.31340996
2139.583333
0
76.71682627
1028.571429
68.57142857
68.57142857
1510.59413
98.4
72.53711572
1142.55814
73.56166947
65.48837209
65.50621213
64.74703417
426.8817204
72.85714286
0
64
75.11861096
62.5708061
0
575
0
100
0
3711.428571
97.37631184
100
0
2675
76.3963964
691.7
69.89516231
64
40269.02655
99.9465812
11950
0
0
299.1683992
77.22222222
98.94736842
65.9408284
490.4761905
66.81318681
511.1111111
76.49122807
2025
99.97591284
95900
71.1875
1100
98.17708333
99.99092312
230900
67.11688312
64.50458129
75.65236524
99.36507937
15800
7430.791789
98.14814815
0
0
0
75.32070455
142.4242424
0
6275
98.03921569
809.2222222
71.20127093
76.59184286
59.38844648
77.26850841
365.7709533
0
99.39903846
3200
96.96969697
3380
97.12643678
14300
58.86419753
581.8181818
98
633.3333333
69.09090909
99.97626364
4333.333333
99.49845679
20900
99.97093023
3900
99.98815716
426900
0
77.03703704
232
96.89085952
756.1320755
96.6857385
186.7647059
75.70359978
274.9991374
73.09824561
189900
98.94736842
98.94921191
69.53007273
0
74.58157895
0
357.03125
62.4017094
97.77777778
4400
99.50564657
3509.375
99.48051948
4566.666667
97.85714286
4900
0
0
98
2900
96.66666667
1500
70
0
250
57.14285714
3983.333333
0
0
98.71052632
98.46770778
634.6641538
0
213.9705882
0
70.48483598
68.06352956
58.87517147
71.48051948
77.03703704
2500
0
0
500
0
108.4745763
74.9825784
0
0
74.81481481
1442.857143
2036.864847
0
0
119.3455082
20400
97.56097561
0
99.88304094
800
617.9487179
98.41269841
300
119.375
70.88319088
420
67.15412186
434.375
0
0
75.76441103
99.98234278
5900
71.11111111
6233.333333
98.24561404
717.1428571
70.20979021
57.74193548
259.4202899
76.12903226
76
400
98.94587619
2600
0
0
1022.839506
75.0702184
62.03003003
96.96969697
4685
98.95506792
9470
99.9754424
23700
0
98.50746269
76.23529412
10100
98.03921569
962.5
72.47058824
0
99.4
173900
98.27586207
74.66666667
8700
66.36363636
76.8
2400
99.70631424
4700
2150
75.55555556
0
99.55357143
22053.84615
98.40016367
1168.227425
65.73839662
76.92307692
1433.333333
0
0
340
61.81818182
7400
76
71.46666667
837.5
753.3333333
0
0
72.27543589
1005.066667
73.33333333
900
0
99.98796596
8650
1147.563353
96.875
100
0
300
60
175
99.14070892
11900
0
98.29787234
5900
99.88317757
56900
97.66081871
60
99.02777778
10300
64.76039303
74.66666667
63.4211671
74.97382199
65.08158508
70.95238095
60.78928669
75.57894737
99.04761905
99.35332158
13500
98.52941176
0
98.90710383
9171.428571
76.13098317
302.2205045
0
0
72
0
980
99.98296422
129900
74.46153846
99.97540002
59300
0
0
97.43589744
6806.25
62.13338069
71.66666667
75.875
15415.15152
0
68.625
65.93406593
0
74.87179487
6012.5
0
100
98
5650
0
99.9853733
189900
76.96842105
99.57983193
25042.85714
0
99.09090909
950
1060.714286
97.7481103
142.4242424
71.50338116
293.75
97.46031746
800
0
56.25263158
0
1600
97.05882353
237.5
56.2962963
99.89583333
2300
75.71428571
0
99.0990991
99.92647059
3900
75
1500
72.72727273
1075.757576
0
0
97.27272727
3900
0
0
0
99.80198733
7900
0
0
0
74.28571429
1400
0
0
0
0
0
99.41964286
9900
400
0
71.02956167
97.91666667
0
72.48013727
98.26886342
0
0
0
61.30724377
97.39583333
9500
72.69736842
97.39130435
5900
57.70713913
0
0
96.875
427.7777778
99.97961432
7950
75.84615385
4344.444444
0
99.97659406
130400
98.85057471
156.6666667
263.6363636
0
0
98.75222816
45900
98.91304348
10700
99.07407407
1533.333333
75.10204082
0
0
0
77.29638901
98
5285.714286
99.71590909
36462.5
62.22222222
350
0
0
75.68203073
0
875.8653846
76.9258055
1144.444444
0
200.281294
300
0
71.00023987
0
0
0
338.1613757
61.74188679
0
65.38461538
1011.111111
72.38095238
73.91
217.8981938
57.23140496
0
0
0
192.0289855
0
289.7435897
0
61.81818182
390
1265.05425
0
73.04033127
1127.040635
0
65.33620082
0
823.9583333
75.94137542
0
0
99.54545455
204819.4595
76.09602718
775
74.47365079
73.64705882
1247.5
72.94990724
1034.736842
72.94990724
1034.736842
72.94990724
1034.736842
0
0
99.16666667
300
0
18435.41667
99.6403282
612.5
353.3333333
62.35294118
321.0526316
0
67.55555556
1622.767857
0
271.6450353
0
0
74.82352941
0
41233.33333
98.92473118
0
0
726.875
0
0
97.4025974
3750
73.94957983
62.22222222
5675
97.22222222
3650
99.58823529
24185.71429
66.76557661
3136.42732
99.16666667
64.41558442
99.79292972
37900
97.23684211
98.87625418
1614.285714
0
406.25
77.03703704
2728.395062
77.17154081
514.3333333
0
0
130.375
99.99625986
550300
0
99.29577465
1450
0
1127.272727
74.66666667
2600
77.03703704
0
0
0
0
0
0
99.6742671
243900
98.46311475
98.35641553
75.04647006
70
175
0
77.24590164
99.59819488
0
476.9230769
65.18518519
98.83040936
9066.666667
8628.571429
98.36333879
99.96791577
9100
98.36065574
99.99471231
9500
0
99.88699617
378.125
0
98.35980772
99.53684211
53900
0
0
0
0
0
72.21311475
68.56341144
70.79024446
73.04586861
71.17347245
60
57.14285714
250
505.4945055
96.72131148
0
0
72.68196721
0
76.48948501
98.35612044
69.32940535
1100
97.5308642
99.98660268
239900
225
76.21719457
99.92567938
2140
99.9162571
1900
99.97978748
119900
400
97.00925926
64.10146233
67.3710727
99.96747892
419900
97.09183673
99.98386771
599900
97.06363636
99.07550077
0
56.24211546
63.82608696
97.78726327
0
0
0
301.249505
98.42105263
69.07761073
757.1428571
66.66666667
200
66.66666667
500
64.90294752
0
0
62.68158115
72.20125786
57.71144279
328.5714286
0
3500
99.44444444
17900
60
72.88888889
96.96969697
3900
200
0
97.05882353
4400
71.75
765.4545455
70.85447652
328.5714286
0
0
0
0
0
0
0
300
0
60
72.70018622
971.4285714
0
0
99.99109018
190714.8148
77.31677019
70
2487.5
72.86089239
312.5
0
73.58339231
358.3333333
99.48849105
20809.09091
196.5217391
0
76.90104167
841.1764706
60
0
62.22222222
72
12837.5
0
77.10438888
2775
0
0
0
68.57142857
0
0
0
0
0
200
71.80747568
300
100
0
330.976431
60
425
76.19047619
605
0
0
71.63867115
0
575
0
200
0
0
96.66666667
16507.14286
0
0
232.1428571
0
0
0
3050
5614.285714
98.25
99.73333333
120.4724409
0
0
0
75.40120794
61.97555845
74.1712204
0
98.35835398
57.73652427
0
185.6696429
183.3160073
75.55555556
1700
70.33500842
97.05882353
486.6666667
97.33333333
4400
75.55555556
97.5
3900
98.94223424
98.38709677
5150
0
119.7619048
0
0
98.21428571
5900
0
98.64864865
7300
0
0
104.56621
75.76923077
2376.190476
76.92307692
0
0
96.66666667
2900
0
0
98.93162393
1550
506.0606061
104.56621
75.76923077
0
0
0
0
0
0
0
693.3884298
98.046875
0
0
0
0
5525
69.33333333
66.66666667
98.75
8766.666667
11950
97.9253112
269.1227125
97.35688889
0
73.76498159
0
77.15494978
69568.75
97.84695434
99.79125841
900
304.4518547
97.41299302
99.96272436
5500
72.40986717
300
800
71.11111111
9400
97.89473684
0
0
47509.18367
97.89956491
105.4882523
65.66398682
0
0
0
0
71.66666667
74.73170732
12344.44444
98.21428571
407.5
64.2364532
0
67.13450292
566.6666667
0
0
0
0
0
97.91666667
4900
0
97.59615385
4025
0
0
0
0
0
0
0
0
0
0
0
98.35899598
1233.333333
103.7037037
98.18181818
108.3333333
0
4900
98
75.55555556
99.91336076
1775
0
63.88305387
156.7567568
97.56578947
700
70
700
70
700
70
700
70
700
70
700
70
700
70
700
70
700
70
700
70
700
70
700
70
700
70
700
70
700
70
1020
99.25986842
73.76797699
76.30769231
71.76608187
62.22222222
97.56944444
0
74.28571429
2983.333333
0
63.33333333
516.6666667
0
61.46053466
66.90909091
99.98251748
11900
0
0
0
0
77.14285714
520
62.19844852
72.66666667
99.67426333
66.66666667
0
200
76
119900
96.66666667
99.56490241
0
99.91188141
20627.27273
96.78362573
0
98.83889695
9066.666667
0
70.12345679
816.6666667
65.45454545
97.82674772
74.66666667
98.03827013
2166.666667
74.77124183
99.14712154
60.50072465
235.6473024
98.84615385
5500
77.14285714
0
70
1900
76
2642.307692
75.62412342
1728.205128
77.08274895
2642.307692
0
66.27680312
585.5769231
68.13139663
0
68.4
0
0
0
0
99.99698817
22066.66667
0
0
56.67438669
0
96.77419355
100
0
300
60
1494.414063
98.59038883
70
506.2222222
0
76.49122807
2173.333333
59.93686741
76.17021277
64.93164402
71.88095238
74
72.99850969
756.9604087
76.72131148
0
99.98670343
278900
76.27240143
97.91666667
76.88963411
57.41830396
97.79411765
99.44306931
74.21052632
263.6363636
0
97.49380355
0
0
98.8
416.6666667
99.99250615
239900
71.92727273
99.97971311
5150
72.38095238
99.57446809
400
0
98.31578947
99.84962406
94900
75.95789474
2700
76.66666667
75.1843861
63.32506203
100
462.5
0
0
0
99.99114575
563900
97.16312057
99.90163093
101900
0
69.01960784
2479.813665
77.00975081
0
98.53479853
2300
0
96.79487179
145.2012384
96.96969697
0
75.55555556
500
0
0
6902.573099
98.82186164
59.18591303
72.62359721
0
98.08188266
98.40236686
344.4444444
66.22346699
0
69.85106383
99.00793651
75.67307692
64
99.3880049
1422.222222
72.72727273
31900
73.05236271
0
0
64
75.8974359
98.61111111
33900
99.83076564
39900
74.4
1125.324675
0
76.63461538
2350.649351
97.85714286
3900
56.59553832
74.11076923
317.9728318
60.13968254
0
751900
98.93617021
70.4814551
0
66.66666667
1500
0
72.65080583
0
0
0
74.34286292
0
0
99.7900314
5200
0
406.6666667
96.71052632
0
66.66666667
0
9500
97.91666667
73900
97.2972973
96.66666667
100400
98.50746269
0
75.34438516
407.1534467
96.66666667
164.3207856
98.1273977
1672.487196
96.66666667
0
97.75390625
1244.927536
96.66666667
261.7202108
98.41976768
1871.609786
96.66666667
0
66.66666667
400
0
66.66666667
58.07407407
0
168.2926829
58.37865256
59.64912281
98.85057471
2300
0
63.28108673
378.5
0
129.0076336
0
77.31457801
2879.047619
58.51662404
272.3809524
0
114.0468227
60
74.36363636
683.8633687
69.43586058
0
58.82352941
71.11111111
3204.166667
169.3568726
0
0
0
74.99319728
1508.695652
75.02702703
1508.695652
75.02702703
2750
235.0877193
18100
98.9010989
99.77158747
60
780
10027.38636
76.17046142
76.24954922
2033.076923
0
0
68.57142857
98.57142857
48504.83871
70.12444002
69.33333333
74.30906172
0
0
0
0
1372.895768
0
98.96907216
582.4038462
0
0
668.90975
72.09812294
71.67801858
861.3095238
0
0
67.03847951
4300
67.61038961
61.63265306
700
57.77777778
0
98.33333333
36263.63636
98.33333333
98.33333333
71.11111111
71.11111111
71.11111111
0
64
71.11111111
68.57142857
99.60935019
9580
98.96694215
4500
73.04347826
59.2
77.32950833
600
0
73.56321839
0
0
10340
77.13920817
0
97.70409115
5834.163934
98.63113372
4775.573921
76.2708353
0
98.30508475
98.30508475
97.40346947
0
0
164.1456583
173.9130435
0
0
0
492.6773455
67.09518214
0
0
71.11111111
71.11111111
98.24561404
0
64.74576271
98.24561404
191.6666667
98.24561404
71.11111111
300
0
97.56097561
76.20002639
0
63.53344768
3921.381579
71.04785276
97.22222222
3300
0
97.07602339
800
277.7777778
61.17647059
300
60.22727273
67.86206897
400
0
0
267.3469388
0
75.65517241
0
0
0
0
72.66666667
257.1428571
0
951.3333333
97.93119848
1634.8659
74.68405737
65.81948517
464.1544118
65.81948517
0
588.6077217
67.81099549
68.20625
705.5113937
70.06842105
1462.100031
73.85896663
0
182.8409091
0
0
98.71794872
5300
98.14814815
0
77.01132075
102.020202
0
4195
0
166.6666667
75.58333333
0
97.71428571
3353.125
1856.923077
75.91194969
56.83257919
245.3125
56.83257919
100
97.22222222
300
265.625
69.05982906
150
0
75.55555556
148.1527094
98.12865497
98.24561404
76.49122807
0
70.4
400
64
62.88888889
2664.285714
74.93540052
400
0
76.57142857
150
98.24561404
68.14814815
0
552.5
56.70498084
100
73.54385965
0
0
0
0
73.6
2800
72.4137931
300
98.17073171
347.0588235
0
76.92307692
2800
71.72413793
0
68.57142857
600
68.57142857
600
100
100
72.7965368
0
97.08015488
3389.361702
97.13414634
300
75.75757576
2100
98.86363636
373400
98.98259705
702.6315789
1533.333333
97.95918367
400
0
300
75.88235294
57.5
866.6666667
73.1954023
0
900
96.66666667
0
300
76.47058824
76.89189189
685.7142857
354.5454545
76.8
2800
74.12413793
226.6769073
75.48589342
3633.333333
76.125
150
0
76.27901235
0
0
96.84542587
1982.5
0
0
98.07923169
5362.5
0
173.125
0
62.63157895
73.02620456
2800
99.98084291
20200
60.60606061
0
0
96.66666667
300
1550
0
77.04374057
116.0864346
102.2222222
99.80769231
51900
72
0
2800
76.55172414
604.3733333
0
77.24381625
2802.564103
77.24381625
2802.564103
335
0
70.3030303
650
71.12
0
163.6363636
70.34482759
1150
76.30252101
65
300
65.45454545
891.6666667
74.08403361
98.24561404
0
0
0
70.27586207
68.65248227
836
0
0
70.27355623
836
0
0
60
96.875
68.57142857
500
503.7037037
71.16564417
71.11111111
76
1900
5300
100
73.90046296
0
58.34586466
269.4444444
58.34586466
269.4444444
0
96.68674699
0
0
73.96428571
98.42105263
8185.714286
98.79310345
62.22222222
350
511.1111111
66.90909091
0
72.19512195
60
200
0
0
0
0
0
0
56.31067961
337.2505346
75.65091591
151.7241379
0
655.1724138
69.40639269
60.68965517
66.66666667
71.2568306
0
122.2222222
1932.5
76.06396064
136.25
0
725
70.3030303
5400
74.21818182
2993.333333
75.97701149
98.66962306
6028.571429
66.68531469
0
123.951049
300
72.96721311
62.0979021
346.875
72.16783217
189.2156863
65.45762712
0
0
98.21428571
300
900
67.09677419
69.52727273
64
860
72.5
97.91666667
0
76.84161053
273.0994152
58.55799373
659.0643275
68.13559322
98.07692308
64
920
72.94117647
98.27586207
98.27586207
0
0
76.0625
97.88359788
4300
97.72727273
4625
113.3333333
0
5233.333333
98.125
753.3333333
70.625
98.58156028
0
97.36842105
3657.142857
97.74397972
0
0
0
221
1239.563863
76.27906977
0
0
74.00833109
0
114.375
198.5422741
0
133.2361516
0
0
114.375
4308.163265
97.73148148
150.728863
68.8372093
185.8333333
97.19298246
98.24561404
98.24561404
66.66666667
70.1754386
98.24561404
74.99365321
135.2941176
0
98.24561404
379.7660819
68.88347148
0
645.6140351
74.85882353
0
366.5959703
62.85454545
0
0
70.52631579
66.38105866
300
74.02725564
0
0
56.17857143
2367.348544
75.60714286
0
4566.666667
98.21428571
207.5
919.5121951
73.19510898
0
0
139.5955882
63.30520178
446.1805556
815.4481882
0
72.35880399
402.173913
60.60606061
100
150
1900
100
100
98.24561404
98.24561404
67.5
100
76.7251462
100
0
0
97.0703125
119.0740741
151.0566357
0
61.74133559
4300
72.03367003
447.7599324
99.00645516
0
1625
71.49758454
290.9090909
98.27586207
74.23134175
59.86111111
303.4482759
0
2695.294118
72.89188178
0
67.2
140
71.66666667
2523.076923
0
0
72.42105263
955.5555556
0
111.1111111
99.06017391
1100
0
56.4614789
740
97.61904762
2618.75
0
138.6363636
99.98006398
4550
0
2971.428571
69.51937984
99.40828402
2900
463.3333333
437.305952
64.99133795
58.86792453
270.8333333
72.80898876
200
0
7650
59.35483871
76
96.66666667
2900
1012.5
99.08980475
160.8695652
0
98.38060283
1975
76.14457831
99.92443539
209.7826087
300
300
0
250
514.2857143
0
300
75.82608696
98.62297253
53900
75.8974359
300
0
0
74.66666667
6910
71.87314825
60.34026465
306.9230769
73.14285714
300
933.3333333
57.6344086
72.5
57.63498287
0
61.04838094
99.41413646
1700
60
900
66.41509434
614.2857143
75.86160564
0
185.7142857
155
73.27590634
400
65.43302587
0
97.42647059
614.2857143
905.5718954
76.97564201
614.2857143
0
98.10606061
5900
257.8947368
76.11764706
58.36477987
1290.909091
257.1428571
0
0
0
100
700
73.33333333
64
0
57.23224974
97.69410917
636.1111111
1275.471698
73.53535354
205.5555556
0
0
446.1302349
75.86015995
74.0237691
1252.380952
862.2405486
73.35032019
208.1664099
0
0
366.11387
74.82136756
71.15806583
566.6666667
1274.107143
73.4502924
200
0
0
675.4535097
96.91028424
76.0415004
3442.857143
1188.306452
74.06016345
244.2622951
56.76190476
0
71.11111111
0
60
0
8857.142857
98.88357257
0
0
8911.857708
98.89035088
60
0
8742.307692
98.86907351
0
58.791423
9420.786517
98.94966661
0
75.29411765