500
0
1100
0
1700
0
500
0
500
0
1100
0
1700
0
1700
0
1700
0
1900
0
1700
0
1700
0
1900
0
0
0
0
0
0
0
0
0
0
0
0
0
0
0
0
0
1700
0
1700
0
1700
0
500
0
1100
0
870.5627706
99.37555754
1900
20300
99.50980392
5900
1700
0
0
3005.555556
99.64221825
1550
0
1550
0
1550
0
1700
0
0
0
0
0
500
0
500
0
100
0
0
0
0
500
0
1700
0
0
233.3333333
0
300
0
242.8571429
0
1700
0
1700
0
0
0
1700
0
1700
0
500
0
99.73901406
11733.33333
99.85915493
1100
2530.166667
99.6831633
31462
99.6831633
1700
0
1700
0
1700
0
1700
0
1700
0
1900
0
0
483.3333333
0
0
0
870.5627706
99.37555754
1900
172.5517241
99.56140351
6400
0
97.39583333
0
350
237.7777778
0
0
5200
98.11320755
500
0
177.7777778
0
0
0
5974.442105
98.35375828
0
350
0
130.4444444
0
0
379.338843
0
1966.115702
0
0
0
0
98.46153846
0
99.12769489
0
217.7083333
6527.612088
99.50529867
0
0
0
0
210
0
0
0
0
4462.5
0
0
0
301.0416667
0
260.9375
0
0
0
260.9375
0
260.9375
0
0
301.0416667
0
260.9375
0
0
410
0
344.6666667
0
359
0
260.9375
0
0
394.0740741
0
301.0416667
0
301.0416667
0
97.43589744
3900
97.1875
0
125
0
0
212.5
0
0
0
0
0
0
366.6666667
0
0
1550
98.18181818
0
0
266.6666667
0
0
0
0
8731.210191
98.72610891
0
170
0
1988.888889
0
100
0
100
0
0
2400
0
134.2857143
0
0
2361.538462
0
2521.648072
0
0
0
0
98.9010989
1366.666667
0
397.4452907
0
0
668.4322034
0
0
0
417.8571429
0
0
18476.27119
0
0
0
0
1153.066403
0
0
0
352.3809524
0
0
4028.045867
0
0
0
0
0
103.5002035
0
0
0
0
0
2519
0
2519
98.27586207
99.15254237
0
400
0
98.30508475
99.66329966
0
150
1100
0
254.5454545
0
0
0
0
0
140.6015038
0
2666.917293
0
260.9022556
0
0
0
140.6015038
400
0
0
0
0
0
0
1207.142857
0
0
0
0
2750
0
430.3571429
0
0
206.4285714
0
0
177.5510204
0
0
0
0
676.4705882
115.6565657
0
0
10100
97.66339869
462.619199
2433.333333
353.9487462
99.76811665
9400
0
2033.333333
0
0
0
0
725
0
997.1428571
0
894.2857143
0
2063.428571
0
0
575
0
575
0
483.3333333
0
575
0
483.3333333
0
483.3333333
0
483.3333333
0
490.8513846
99.02952085
7409.375
97.5031211
12716
99.32376196
938.4615385
0
0
0
99.5412844
65900
0
1688.143251
96.69699282
0
0
274.8197115
0
224.84375
0
712.109375
0
3500
0
713.1661716
98.90410959
1127.777778
0
0
0
101.9919623
429.9512468
0
0
971.6210148
0
0
1263.095238
0
1263.095238
0
1157.719298
0
1263.095238
0
1263.095238
0
99.46994002
18765.78947
0
586.0287081
0
0
171.3642473
0
0
0
0
0
725
0
0
860
3256.800766
97.4398987
4449.090909
97.44204636
0
725
0
0
0
0
580
0
0
900
0
0
0
250
0
250
99.375
600
8360.78253
97.2646907
98.85057471
0
560
0
0
0
0
0
150
0
2450
0
150
0
400
0
400
98.12414842
0
0
0
3785.714286
97.42647059
204.7619048
1971.428571
0
0
1500
0
98.33333333
400
0
0
0
0
99.12280702
0
340
0
0
0
0
0
0
0
219.1176471
99.53917051
100
0
100
0
100
0
100
0
100
0
233.3333333
0
233.3333333
0
233.3333333
0
100
0
0
0
100
0
100
0
0
1325
0
0
248.3333333
0
2025
0
290.9090909
0
838.1818182
0
838.1818182
0
0
0
9849.333333
99.24953096
489.2857143
0
0
0
0
0
4820.32967
97.96761586
0
225.7142857
0
0
0
0
0
0
0
0
100
0
0
2805.215827
98.72642853
0
492
356.0810811
0
0
0
0
901.5748031
0
0
269.1118083
96.95326315
0
0
439.6825397
0
1940
0
240
1248.039216
0
0
0
0
920
0
21901.73077
0
1066.666667
0
0
97.56756757
0
527
0
3984.736842
0
0
256.1069958
179.2544748
0
0
0
3620
0
0
15638.66667
99.36462216
433.3333333
207.5
0
1622.710177
0
0
1191.034483
0
0
98.38709677
4850
97.97979798
0
0
2500
4600
0
0
0
650
0
650
0
0
2280.826737
0
752.5896414
0
219.3548387
0
0
0
0
0
219.2851824
0
0
0
0
1652.866242
0
0
0
0
1014.16309
0
98.76149334
0
0
6088.495575
0
0
98.00884956
0
99.16666667
7455.555556
2772.058824
0
1217.013575
0
13454.44444
99.26223461
0
0
0
515.8940397
0
0
9565.680473
98.96541169
98.27586207
98.38709677
940
0
2800
99.08045977
375
0
0
0
0
0
220
0
2193.333333
97.6744186
0
166.6666667
0
0
0
98.27586207
5361.633493
99.45216896
323.75
97.05014749
2622.222222
0
0
0
0
0
2366.666667
0
0
0
143.5714286
0
0
0
0
0
0
0
0
9729.869281
98.7340173
135.7142857
0
470.3703704
0
0
391.6666667
98.30508475
11900
0
125
1855.555556
0
0
380
0
0
0
0
200
411.1111111
0
466.6666667
0
0
0
0
0
0
0
400
0
0
359.2592593
0
97.10526316
27433.94495
0
186.4583333
0
330.46875
149.7277677
0
2049.969231
0
0
152.2167488
0
152.2167488
0
1539.408867
0
110.180624
0
0
407.5
0
540
0
916.9491525
0
1218.540925
0
0
316.1290323
0
0
200.6060606
1683.783784
0
0
578.7878788
0
0
0
0
238.2173382
0
0
11577.05474
99.40683613
0
178.0208333
0
498.1538462
163.0315501
0
1705.737185
0
0
285.4014599
0
0
1088.019129
97.45762712
4900
0
0
231.0833333
0
0
194.375
0
358.7662338
0
250.6493506
0
6178
98.93809069
150
0
0
34429.88827
99.71039582
337.6666667
0
337.6666667
0
5843.816698
98.31757934
0
1335
0
0
140
0
350
0
98.24561404
0
99.67105263
220
7000
99.43661972
7000
0
0
671.4285714
0
98.88888889
191.6666667
0
0
3766.666667
99.48275862
0
220.625
0
0
0
400
0
3224.902869
0
0
0
0
0
0
320
0
5700
0
0
99.23115079
1150
0
0
1400
0
1900
930.1403509
98.01310217
400
0
0
0
0
0
6000
98.36065574
0
0
0
0
940
0
9340
98.94067797
0
0
0
0
0
0
0
0
0
0
0
0
0
300
0
0
700
0
301.5531892
97.02662722
0
2733.243119
0
0
0
0
0
0
220
20212.5
99.42307692
0
0
4400
0
0
211.1111111
0
918.5185185
0
522.2222222
0
0
2525
0
2525
0
2466.666667
0
2525
0
2525
0
0
2466.666667
2300
0
0
8966.666667
98.56440571
357.1428571
0
0
0
5446.666667
98.07692308
0
0
4600
0
0
138.1996234
98.13415136
530
0
530
0
530
120
98.25174825
345
97.37827715
1385.714286
98.07692308
100
0
143762.201
98.70246204
419.1071429
0
419.1071429
0
0
1172
0
226.8085106
0
0
339.2857143
0
0
900
0
1400
653.3333333
0
693.3333333
0
96.66666667
300
650
0
650
1200
98.65384615
407.9365079
0
110
433.3333333
454.0332512
0
0
0
0
0
0
600
0
0
200
670.5555556
0
0
0
0
0
0
300
0
6306.842105
97.18113859
909.9667774
97.53289474
0
350
0
0
802.8571429
97.0464135
0
0
0
0
98.83886016
0
0
99.72527473
51356.95364
0
0
840.2294708
0
0
329.6675192
1024.092675
0
0
916.2994627
0
0
0
0
6033.333333
0
0
99.78723404
1942.857143
0
0
0
0
0
0
116.6666667
0
116.6666667
0
0
2825
0
983.7762238
0
10670.83333
99.07156673
0
0
2825
0
983.7762238
0
10670.83333
99.07156673
0
0
2772.058824
0
1217.013575
0
10667.77778
99.07130327
0
0
2558.139535
0
1306.511628
0
10643.33333
99.0691902
0
0
2766.776316
0
901.6447368
0
10814.28571
99.08376963
0
0
1030.769231
0
0
2801.315789
0
1124.232456
0
14288.46154
99.30499866
0
0
1078.04878
0
98.88888889
5750
2686.324786
0
1368.2861
0
10655.55556
99.07024793
0
767.5065492
702.4244794
0
2618.75
0
1281.153846
0
10650
99.06976744
0
0
2686.324786
0
1269.625247
0
39977.0416
99.75048058
228.8135593
0
99
6312.5
2722.612086
0
1337.980917
0
17894.87179
99.44428612
0
99.23076923
8000
2751.851852
0
960.4288499
0
20234.72222
99.50823031
100
0
0
208.5714286
0
362.8571429
0
2231.428571
0
1280.952381
0
11783.04094
99.15846457
0
1031.313131
0
0
2562.5
0
917.6923077
0
14543.75
99.31711481
0
0
98.88888889
8900
0
2696.568627
0
1387.109084
0
577.9661017
0
0
7963.241107
98.75980392
1006.719368
0
0
0
0
14042.85714
96.96969697
11766.66667
99.15730337
0
0
0
99.37432628
0
0
500
0
0
0
0
97.56416575
0
0
98.92473118
1271.446488
0
0
6616.049383
98.51102941
0
0
0
0
0
184.959276
0
184.959276
0
184.959276
99.63302752
6600
613.7764784
97.11174685
1118.461538
6300
0
98.46153846
96.875
25349.6318
97.14632414
3944.75043
97.52765957
140
0
0
0
0
800
0
0
0
150
700
0
0
99.85507246
40014.28571
2993.660969
96.76758375
1027.305443
0
254.2589216
0
0
254.6453546
0
0
10019.10549
99.01177036
0
0
0
98.88888889
5788.888889
2600
0
929.59285
0
10436.58537
99.05092593
0
0
2558.139535
0
1306.511628
0
10643.33333
99.0691902
0
0
100
0
700
0
14150
0
98.93617021
100
500
0
167.8571429
144.4444444
98.93617021
100
98.93617021
100
0
99.48193543
300
12275
0
0
1216.051844
0
98.93617021
100
320
96.82539683
0
400
100
0
98.93617021
100
1400
0
0
98.93617021
100
98.93617021
100
0
0
0
2015
0
0
9300
98.93617021
0
200
0
0
0
0
99.10714286
0
150
0
97.43589744
5400
98.18181818
1100
266.6666667
96.96969697
185900
98.92473118
0
1900
99.11504425
0
0
99.21585028
0
167.8571429
966.6666667
97.5
300
237.5
0
0
0
0
0
300
0
0
0
0
1100
0
0
0
0
0
0
6857.580418
0
0
326.6666667
0
0
0
0
0
1480
415.6799539
0
98.00569801
4914.285714
154.2735043
0
97.2972973
1900
0
1100
0
98.28336557
3866.666667
0
6700
0
0
0
97.52747253
3944.444444
0
0
0
238.7212644
0
0
4528
0
0
11500
97.84482759
0
0
98.27586207
13348.27586
98.71794872
0
2558.139535
0
1306.511628
0
10643.33333
99.0691902
0
0
2558.139535
0
1306.511628
0
13026.66667
99.23819198
0
0
0
2774.80457
0
937.0014031
0
241.8275418
0
0
0
0
241.5966387
0
0
8642.857143
98.85620915
0
1095.061728
0
0
2693.209877
0
1242.592593
0
10098.77049
99.01948965
0
1021.478873
0
98.88888889
5788.888889
2667.924528
0
1260.580552
0
10655.55556
99.07024793
0
0
2558.139535
0
1306.511628
0
10643.33333
99.0691902
0
0
2662.068966
0
942.7586207
0
10643.33333
99.0691902
0
0
0
2728.125
0
972.6704545
0
214.2857143
0
528.5714286
0
0
0
8394.520548
98.82277052
1021.917808
0
98.88888889
5728.571429
2627.941176
0
954.4955324
0
10063.17016
99.01605505
0
938.961039
0
0
0
320.5607477
98.33333333
0
0
0
99.8152545
17423.87273
139.9014311
97.1455771
0
0
0
144.5449975
98.75440658
0
728.125
0
728.125
109.0618337
0
0
0
175.2013635
0
97.64705882
0
0
0
97.05882353
98.7654321
98.49915361
0
1997.777778
0
0
313.2653061
0
98.94813589
0
0
9810.838663
98.99100365
0
381.6374269
0
97.82543038
0
98.99965565
0
4539.260401
97.844484
0
0
0
0
0
0
99.62264151
11375
2889.106754
0
1191.503268
0
233.3333333
0
0
0
0
773.90625
0
773.90625
208.09941
0
271.0917219
0
13213.7931
99.24889925
0
0
0
52566.66667
98.97151899
1723.636364
98.74920692
0
0
0
99.16666667
7455.555556
2772.058824
0
1260.090274
0
584.4444444
0
0
0
0
12611.11111
99.21328671
0
0
900
99.03846154
7820
0
316.6666667
0
0
0
0
0
0
3900
0
0
0
1560
0
0
0
0
2558.139535
0
1306.511628
0
10643.33333
99.0691902
0
3058.043997
98.87014237
1114.798206
0
0
2924.834437
96.69403394
981.4857041
0
0
589.3617021
2475
99.43264563
0
1119.340378
0
98.27586207
98.27586207
98.88888889
5728.571429
2696.568627
0
1282.08061
0
10079.31034
99.01761518
0
1011.764706
0
0
98.88888889
5728.571429
2696.568627
0
1310.135002
0
516.3328197
0
0
146.5331279
5000
98.8002451
1044.024515
0
0
2688.906009
0
1234.123504
0
9774.125874
98.98725212
0
99.54545455
13011.11111
2905.084746
96.67230682
1003.937419
0
10683.33333
99.07264297
0
98.5
441.6666667
98.5
441.6666667
0
0
2742.857143
0
1138.282209
0
528.5714286
0
0
0
0
5942.307692
99.02783404
0
97.87852886
1091.474554
449.5582652
0
698.7742594
0
0
2293.089431
0
823.1310322
0
0
583.8559814
0
0
0
0
97.69181789
2506.896552
98.61111111
7100
0
241.902109
0
0
536.5248227
0
8042.991507
98.77195009
99.89641778
94691.66667
412.7032967
0
0
203.9751553
125.4072042
0
701.056338
0
0
2732.352941
0
960.4524887
0
11526.38889
99.13988771
0
99.54545455
13011.11111
2905.084746
96.67230682
1003.937419
0
10683.33333
99.07264297
0
3900
0
3833.333333
97.45762712
0
0
98.7804878
654.2857143
0
654.2857143
0
604.7619048
0
604.7619048
0
604.7619048
0
0
100
175
0
0
200
98.31356393
0
0
0
98.79518072
300
0
0
0
2846.666667
0
0
0
0
0
0
0
0
99.96916895
4400
97.77777778
4400
1388.888889
0
6560
0
0
0
133.1818182
98.88888889
2220
98.27586207
98.21428571
97.33333333
3650
0
0
98.78378378
0
7200
99.5890411
1261.111111
0
733.3333333
172
0
733.3333333
0
733.3333333
172
0
733.3333333
172
0
172
0
172
0
1400
0
0
507.9787234
99.56255468
28830.06993
0
0
98.26839827
5757.142857
0
0
1932.729881
0
1300.701992
0
207.8446731
0
700
380
337.8947368
99.52423878
233.3333333
0
233.3333333
0
233.3333333
0
326.6666667
0
326.6666667
0
326.6666667
0
233.3333333
0
0
0
233.3333333
0
233.3333333
0
97.82608696
98.35164835
99.74362611
10500
0
0
0
10765.7337
0
0
2371.680672
0
510.8374384
0
0
0
725
0
6900
0
341
0
0
97.71232485
700
446.40625
0
214.88006
0
0
0
0
0
600
0
1000
0
3800
97.43589744
1042.068966
0
1042.068966
0
300
0
3330.177515
97.08469898
100
0
1700
0
1064
0
1072
0
5914.814815
0
0
0
774.3944228
0
0
774.3944228
0
0
0
99.46998755
891.6666667
0
98.27586207
0
5980
98.35526316
287.5
132.2580645
0
0
650
0
650
0
0
0
8600
98.85057471
11500
98.27586207
0
97.35449119
2177.807487
0
0
494.9871887
0
0
0
3828.445474
97.40688373
0
96.80851064
97.17695257
0
0
38270.0495
0
2180.645167
0
0
417.7248677
157.5370465
0
194.3280531
0
727.7976495
97.77777778
443.6111111
0
0
100
292.5
98.40764331
0
4114.285714
97.62711864
99.17012448
100
0
100
0
0
0
0
1733.333333
0
1733.333333
287.5
0
113.3333333
0
6300
97.1875
5600
98.24561404
100
0
6800
98.55072464
800
0
1300
4400
98.88888889
20400
99.51219512
200
0
2900
0
0
0
0
0
8700
98.86363636
98.7804878
99.49238579
8900
98.88888889
0
0
8700
98.86363636
0
0
0
860
0
3281.21547
0
0
265.9090909
0
311.25
0
0
3063.636364
96.83908046
9000
180
98.9010989
98.32380952
98.25174825
5620
500
98.07692308
0
8700
98.86363636
8243.75
0
0
0
0
3829.399368
98.93961741
374.7252747
0
0
1146.65404
0
0
461.038961
0
0
206.25
0
155.2083333
0
98.27586207
308.3333333
150
0
0
344.4444444
0
0
5142.105263
98.09236948
0
0
0
0
0
0
4880
97.99196787
0
0
0
0
0
97.89473684
100
3385
97.13055954
3100
96.875
0
0
0
0
0
0
1050.684932
0
146.5753425
0
96.66666667
96.66666667
98.88888889
662.5
0
113.3333333
0
5233.333333
98.125
860
0
0
5400
98.18181818
98.27586207
965.2244435
98.81622223
0
0
212.3595506
0
3063.636364
96.83908046
15500
99.03846154
10400
98.94179894
2930
96.69966997
0
0
98.7804878
1500
0
8600
98.85057471
0
0
0
9400
99.22807018
4304.545455
0
1699.054374
0
526.8058839
0
0
0
0
0
0
0
14250
0
0
0
0
9680.859917
98.24730573
0
0
10308.68538
98.39823218
98.96405263
1466.666667
0
0
700
98.13278008
3944.444444
97.52747253
0
0
205.4545455
0
0
100
9100
99.86413043
700
98.20872929
0
2484.914596
0
3312.5
0
98.60966953
0
0
96.79633028
0
494
0
0
0
0
0
0
100
4167.123288
0
0
4773.846154
0
0
15666.15385
99.3657299
133.8461538
0
569.8039216
0
569.8039216
0
0
470.6031746
0
0
569.8039216
0
569.8039216
0
0
498.6904762
0
0
0
0
0
498.6904762
0
0
232.2291022
0
350.8823529
0
350.8823529
0
592.0454545
0
0
0
0
382.1428571
0
0
0
25569.23077
99.61042853
26180
0
0
0
366.6666667
1502.857143
0
245
0
97.01696438
0
0
99.51910232
21837.5
0
2004.504505
0
0
0
0
4676.923077
97.90660225
0
0
0
6263.636364
98.42857143
0
0
0
0
102.4096386
0
5639.759036
98.25776658
96.882494
3469.230769
1400
0
98.4375
580.5555556
0
0
375.2
0
0
5202.793448
97.45281974
0
0
0
0
0
2029.166667
0
0
0
0
0
780.4571429
0
0
193.75
240.4255319
0
0
2103.125
208.6524823
0
536.1054767
0
0
0
1736
0
6095.652174
0
0
494.1901408
0
0
0
4907.407407
98.00295858
0
1340
0
0
0
0
0
0
733.3333333
100
0
97.43589744
4900
6900
98.57142857
0
0
0
849.6230159
96.8575667
0
0
0
0
0
97.22222222
3900
470
0
0
142.4242424
0
6748.484848
98.53982301
0
3766.666667
1000
0
0
0
0
0
1533.333333
0
0
98.50993902
0
6305
99.60967994
14112
97.36138475
7900
98.33333333
0
1070
0
0
3664.600551
0
98.66666667
0
0
415.2542373
99.67105263
300
0
0
1493.442623
0
883.6065574
0
2326.136364
96.91176471
0
166.6666667
125
0
98.46153846
98.88888889
0
5400
98.18181818
0
0
0
1066.666667
0
97.25375934
0
2733.333333
22305.49188
0
0
1911.764706
187.7192982
0
0
0
63205.55556
99.84203598
63205.55556
99.84203598
63205.55556
98.52941176
2700
98.21428571
5100
0
0
0
98.93617021
100
0
266.6666667
96.96969697
0
0
4353.125
97.89473684
0
3724
97.38493724
0
0
0
4800
97.95918367
8266.412214
97.55968674
0
0
400
0
1139.072165
0
0
3540
0
0
6460
99.3902439
400
0
1100
891.257732
0
0
100
0
400
0
7900
98.75
1300
4200
97.6744186
6400
98.46153846
700
0
98.26490815
0
0
842.8571429
1013.636364
0
191.6666667
0
934.0909091
98.07692308
402.8571429
433.3333333
98.27586207
98.71794872
9775.776398
1012.5
0
0
0
254.1666667
0
267.5
97.95918367
0
0
0
97.05882353
15712.5
97.8972332
5191.353383
97.42451155
0
1164.197531
0
0
1158.888889
0
1158.888889
0
1158.888889
0
1158.888889
0
1158.888889
0
0
0
1062.5
0
99.09842562
306.993007
0
0
0
511.1111111
650
0
0
97.27891156
0
0
0
0
98.54077253
0
2888.461538
0
0
0
18900
99.47368421
337.5
0
98.24561404
5150
98.0952381
926.6666667
0
926.6666667
0
954.2857143
0
602.8571429
0
602.8571429
0
0
0
0
0
0
0
0
0
2078.796343
96.87066584
3557.142857
0
0
0
0
300
0
4372.049689
97.5
0
0
700
0
150
5876.744186
339.4811933
99.74619289
300
0
835
0
835
0
133.75
0
252.3809524
0
0
150
0
25500
98.2421875
0
6600
0
1411.111111
0
0
0
0
99.64835165
12700
0
0
0
98.4375
3250
98.50746269
0
98.51941921
0
26700
0
0
0
0
0
3320
97.07602339
0
8400
0
5300
98.14814815
97.73333333
0
750
223.5294118
0
0
99.13305415
566.6666667
0
0
7960.606061
0
0
139.7435897
1047.058824
0
0
0
220
241.8803419
0
7100
0
1361.406501
0
0
98.95229186
0
900
0
900
0
900
0
900
920
0
743.75
0
900
0
0
0
2409.52381
0
237.5
99.30555556
1900
900
0
0
0
147.6190476
900
97.30769231
900
97.5
6900
0
371.4285714
96.96969697
4900
0
1766.666667
0
900
0
900
0
0
126.4567799
0
0
126.4567799
0
0
0
300
102.5
640.7407407
0
0
0
10733.33333
0
0
480.5724589
0
0
0
0
99.22375266
0
29400
99.83050847
400
8268.75
0
156.4102564
0
0
0
96.96969697
0
0
0
455.5555556
0
0
0
0
130.7692308
0
0
0
0
0
0
990.9090909
0
392.3076923
0
0
97.43457114
1560
0
0
0
0
0
0
8900
0
0
309.731114
0
900
0
0
0
0
1000
0
900
0
900
0
0
0
150
200
0
0
99.10076043
768.9655172
0
4075.212718
97.60491245
10965.84781
99.61437737
142.4242424
0
142.4242424
0
142.4242424
0
134.3434343
0
134.3434343
0
142.4242424
0
142.4242424
0
242.6573427
0
225
0
242.6573427
0
134.3434343
0
225
0
142.4242424
0
142.4242424
0
98.70753525
0
0
440
0
0
0
275
98.88888889
98.93004723
0
98.88888889
0
150
98.9010989
3733.333333
0
0
0
0
162.1259653
0
738.0165289
0
0
0
99.33687003
150
500
0
98.88888889
0
400
0
0
0
0
0
0
650
0
650
0
300
0
875
0
97.20730397
275
0
98.38709677
1900
0
0
0
0
0
0
350.4056616
0
0
552.3076923
103.7735849
99.76851852
9136.8
98.91737398
6530
0
0
395.1515152
126.1933905
0
0
912.0481928
98.85057471
0
0
0
0
0
2556.923077
0
98.85057471
97.98657718
0
3250
128.358209
98.20261438
900
0
0
0
275
0
275
0
100
1650
171.4285714
98.94736842
275
0
175
0
175
0
0
0
0
650
0
1127.692308
7671.714202
99.2873069
0
112.5
225.3781513
3860.12446
0
97.12643678
27100
0
98.87905605
1850
357.4898785
0
0
0
0
0
457.5657895
628.6135693
0
278.8527397
0
1134.587598
0
0
135.4347826
0
135.4347826
721.1757464
247.8448276
99.87608426
15685.19553
99.36649502
16400
0
1225
0
281.3169388
0
97.86585366
742.4489796
0
0
635.1648352
0
742.4489796
0
635.1648352
0
635.1648352
0
635.1648352
0
635.1648352
0
99.16666667
62462.5
0
0
1400
433.3333333
0
2184.615385
0
0
567.0993746
0
5089.473684
98.94892126
0
0
99.96343693
17654.28571
111.818038
0
0
113296.3759
0
0
0
219.5691203
0
0
540.9399006
0
0
0
0
0
542.1657096
0
0
580.7893677
0
0
0
1040.837495
0
567.0993746
0
5089.473684
98.94892126
0
0
0
8895.673077
98.88835444
419.2307692
0
1124.519231
0
0
97.22881892
1680.078125
0
0
8895.43379
98.88832487
420.5479452
0
1114.611872
0
0
8392.857143
98.82253995
392.8571429
0
1050
0
0
44030.43478
99.00582176
0
0
191.1111111
18022.1374
99.0547599
335.9375
0
335.9375
0
98.11398109
6088.495575
0
0
0
0
319.3548387
130.7692308
0
10186.30952
99.02783404
0
1450
0
0
0
29878.26087
99.02683104
98.66868448
360
31421.73913
98.98432602
0
0
32122.22222
98.98432602
0
0
8020
98.79086431
98.07692308
567.0993746
0
5089.473684
98.94892126
98.6013986
0
0
0
0
0
0
0
7776.54321
98.88857224
98.27586207
98.16743325
0
390.9090909
0
1045.454545
0
0
0
26453.19149
98.85022385
401.7699115
0
1070.79646
0
335.9375
0
335.9375
0
0
567.0993746
0
5089.473684
98.94892126
567.0993746
0
5089.473684
98.94892126
0
0
0
5229.72973
98.94892126
0
5229.72973
98.94892126
0
0
322.2222222
0
0
200
0
0
98.42883549
0
0
97.06515166
736.587963
97.21089301
0
0
3085
0
517.868198
97.81076772
2013.548387
0
379.3827411
0
0
119.7514716
463.8664819
0
518.0555556
0
2011.85948
98.64194203
0
14806.66667
0
0
1591.286989
99.86705586
2642.826667
0
0
2468.57971
97.92362553
4716.086957
97.92362553
107263.5438
0
0
97.43589744
3900
0
2579.487179
0
0
0
0
156.6666667
0
0
0
113.4646962
0
885.2216749
0
180.8641975
0
138.2133995
96.66666667
0
0
0
6857.692308
0
0
0
0
0
0
0
77900
98.46153846
116.6666667
0
2500
0
2500
0
0
0
1700
0
0
300
0
836.8686869
0
0
0
285.3624696
0
111.143695
0
0
0
0
301.025641
0
0
0
10100
0
99.79101358
242032.1429
0
0
665.7142857
0
0
2111.297331
98.50138483
776.6233766
0
97.22222222
0
97.73419469
2198.387097
0
97.68491365
2185.714286
0
98.46153846
0
98.79032258
0
0
1000
0
14681.95251
0
97.87234043
0
0
10576.96203
0
0
0
173.125
0
446.25
266.1327231
0
0
6671.428571
0
0
0
0
613.9393939
0
613.9393939
0
505.5555556
0
613.9393939
0
613.9393939
0
0
188.3597884
0
188.3597884
0
0
0
0
321.875
0
0
1679.166667
0
0
306.4516129
0
2285.765306
0
0
0
3090.416517
0
0
123.6024845
0
0
0
0
283.3333333
0
585.7142857
0
1416.666667
98.9010989
0
0
17060
98.83449883
0
0
275
0
275
0
275
0
0
0
0
114.2857143
99.60058581
5600
487.6315789
98.27586207
0
0
0
0
0
0
598.4126984
0
0
97.35449735
3680
98.82352941
541.9753086
0
5675
98.7012987
96.66666667
2900
6433.333333
99.48979592
200
0
200
0
200
0
200
0
200
0
200
0
200
0
300
0
300
0
300
0
200
0
300
0
200
0
200
0
98.73378528
0
0
99.96807087
5668.75
0
0
393.75
0
4456.763285
97.06122449
0
1025
0
98.75
7781.818182
98.73125721
291700.6431
99.96573003
7900
0
99.16666667
7900
98.75
8900
133.3333333
238.4976526
99.87938012
13845.10309
0
99.8139881
29700
99.86577181
150
25500
99.609375
200
522.2222222
3403.571429
0
0
0
0
300
553.1578947
328.6865431
0
0
0
787.0114087
98.65787951
764.2045455
97.58930528
4048.181818
0
98.9539749
74780
99.86645299
8267.272727
0
10326.66667
97.44245524
945.9090909
0
2450
0
0
250
0
10120
97.84735812
98.93116717
6600
0
0
0
2937.037037
0
0
100.4371585
0
100.4371585
0
0
0
650
0
0
0
0
1700
97.77777778
0
11900
0
4900
0
0
0
0
0
0
0
0
0
0
250
0
3983.333333
97.55102041
3983.333333
97.71373501
471.1976628
98.24929256
10740.0719
0
98.52195946
7900
99.64285714
0
8700
98.86363636
8700
99.43181818
8700
0
150
543.902439
766.6736022
0
98.87640449
6533.333333
99.74874372
500
100
0
500
0
18087.05036
96.70094937
157.1428571
0
1116.666667
365.2631579
0
98.46153846
6003.305556
0
0
462.4609375
0
728.4688013
261.3474387
0
0
0
0
0
0
234.5342523
0
0
0
0
0
0
339.0649867
99.38356444
14015.78947
0
0
1363.043785
99.71520561
700
170
150
99.25925926
49564.2487
0
0
0
179.221876
0
0
0
5200
98.82075472
8380
98.11320755
458.4045584
97.95918367
480
0
0
0
0
331.6666667
0
98.88888889
100
0
98.30508475
98.30508475
0
0
98.38799678
1790
0
0
0
100
0
0
98.63013699
0
0
0
1214.393939
96.72255698
436.3709033
0
0
103.0769231
99.24242424
4900
0
0
0
0
98.87640449
8800
98.87640449
8800
97.5
0
7400
877.7777778
0
0
0
0
0
0
150
0
0
0
0
0
703.5714286
96.66666667
0
0
0
0
200
0
0
0
300
0
0
133.3333333
0
105.0213675
98.74934862
400
0
100
15850
99.68652038
100
250
6757.142857
98.54166667
328.5714286
0
0
0
70900
99.85915493
17166.66667
0
0
17166.66667
99.42084942
1775
0
17166.66667
0
1005.066667
0
1005.066667
98.27586207
0
0
0
292.7272727
0
365.8181818
0
0
0
300
0
133.3333333
0
1342.307692
0
99.01156725
0
0
1072.368421
0
98.78116833
167.8571429
0
0
646.6666667
0
0
0
1006.451613
0
0
148.8888889
0
0
0
786.5490473
0
500
0
0
0
0
0
0
98.92473118
97.98657718
3415.891473
97.47179657
98.36021505
112.244898
0
0
1340
0
98.88888889
98.8851728
0
0
800
0
99.79701008
0
3650
98.28738513
1471.022727
0
686.25
0
0
220
0
1400
0
0
0
0
96.96969697
0
0
0
0
0
0
170.9677419
0
98.38709677
6200
96.82539683
0
990
112.8440367
0
395.412844
99.26205182
6600
0
813.4328358
0
0
99.78632479
5100
98.07692308
6968.75
0
0
694.5945946
98.97959184
700
223.75
0
99.7260274
2566.666667
0
14158.33333
0
0
780.66605
0
0
0
2615.882353
0
2583.333333
0
2583.333333
0
2583.333333
0
2615.882353
0
2583.333333
0
0
2615.882353
0
0
7667.020592
98.6205411
0
462.5
126.6666667
0
0
99.78723404
58300
96.83219178
121.6216216
0
540
0
540
0
0
640
0
98.27586207
98.93617021
185.7142857
0
900
3478.077803
99.7646487
170
16583.33333
99.97779998
9000
98.9010989
81800
0
2371.167211
99.76653823
547.6190476
266.7279412
98.39598997
6134.375
0
716.6666667
154.4642857
96.84466019
1961.538462
0
0
0
0
0
0
0
0
0
19400
0
0
0
106.637688
0
99.10714286
8800
98.87640449
100
0
200
1766.666667
0
0
0
250
0
0
104.5454545
0
104.5454545
0
104.5454545
0
104.5454545
0
175.7575758
0
0
0
175.7575758
0
884.8484848
0
100
0
100
0
5866.666667
0
0
0
0
4880
97.99196787
33080
99.69861362
1000
0
0
0
0
0
1175
0
0
0
0
0
0
130234.6154
99.07929294
8505.591398
97.50162435
1341.860465
0
0
0
1070
643.5897436
0
0
1711.155914
0
1008.870968
99.33333333
1252.727273
0
11122.5625
97.92085512
495.1785714
0
2257.142857
0
97.91013584
287.9472554
0
0
200
0
0
587.5
0
0
100
0
5400
98.18181818
0
100
0
5400
98.18181818
0
4600
97.87234043
98.25581395
3566.666667
97.27272727
0
100
0
5400
98.18181818
0
0
1962.5
0
0
0
0
0
2847.368421
0
0
0
0
0
0
0
0
0
0
189.5927602
0
3890.066694
0
0
201.1538462
0
0
99.94579946
148366.2577
0
97.63344051
633.8916179
0
807.3777778
240.9090909
0
1969.26018
99.68044324
1506.27451
0
1506.27451
453.3854167
98.875
855.5555556
98.66190901
7650
96.77419355
0
97.69911504
198.0769231
0
174.0384615
0
1792.664165
0
0
700
0
0
99.28088166
404.1666667
161.8181818
0
0
0
0
0
0
799.0136364
0
590.0468384
0
0
0
245.8333333
0
0
0
0
535.6304985
0
164.1025641
0
99.65277778
12140
0
0
23300
0
0
0
17180
0
426.3157895
0
0
0
0
52859.03107
99.76921364
13129.09091
0
0
0
8165.109101
98.79009462
511.1111111
0
12492.59259
0
0
0
1158.448047
0
0
0
0
1165.150094
0
0
0
762.0756173
99.93287089
6500
0
250
0
338.2205029
0
97.57575758
135326.2238
0
0
0
0
3799.713631
99.9287697
860
0
1160
0
1160
0
1100
0
1160
0
700
125
0
0
0
0
100
0
0
199096.6038
99.69879005
0
350
433.3333333
0
4300
0
0
8700
97.72727273
3502.260274
0
0
0
0
0
1034.210599
0
786.8544287
0
170.7723516
0
0
0
112.9537622
0
0
155.8379132
0
0
263.7058436
0
99.71291866
34196.42857
0
2354.545455
0
1121.818182
0
250.3618134
0
0
895.3079484
0
6764.219467
0
0
472.2352941
0
0
0
900
0
2000.136054
0
0
147.6190476
0
147.6190476
98.18181818
300
98.70591017
0
233.8461538
0
1935.384615
0
146.1538462
0
11717.01978
98.25024215
1328.571429
0
796.6600529
99.55744053
7100
0
341.2121212
0
0
148.8888889
0
99.8723131
100
308.3333333
230.6122449
0
926.6666667
99.85883682
97.89473684
757.1428571
933.3333333
0
0
6009.090909
98.36309524
0
2133.636364
0
0
2133.636364
0
200
0
2133.636364
0
179.2045455
0
179.2045455
99.84297338
23900
0
361.5384615
98.52380952
119.3548387
0
150
0
3426.666667
0
0
0
400
0
100
0
300
0
0
0
0
0
0
0
824.2857143
0
0
0
100
0
97.14285714
3400
809.4581281
0
0
135.875
600
0
100
0
0
0
0
0
0
0
0
0
300
0
100
0
0
0
306.25
0
216.6666667
0
97.19400097
2778.571429
0
0
0
0
0
0
0
0
0
725
0
96.96969697
150
0
0
100
0
300
0
0
1100
0
98.41269841
0
180.4761905
0
96.875
30581.39535
0
0
0
0
0
96.875
300
0
753.3333333
0
96.85314685
0
0
0
192.2077922
0
0
0
0
100
0
0
500
0
300
0
0
233.3333333
0
0
0
0
0
0
0
100
700
0
0
255.5555556
0
200
0
940
0
380
0
700
0
0
340
0
360
0
540
97.5
525
0
1850
0
0
0
0
168.3333333
0
319.010989
0
0
150
0
96.96969697
97.05882353
0
0
0
0
98.36065574
250
43213.04348
99.67017524
0
25900
0
0
163.2142857
0
0
98.90988372
5766.666667
98.29545455
99.6126176
460
0
0
400
0
400
0
400
0
2983.333333
0
0
0
516.6666667
0
516.6666667
980
0
0
5257.142857
98.13333333
0
0
460
0
460
0
0
2212.5
0
8328.571429
97.21927966
98.47619048
6300
98.4375
17400
97.14285714
1212.5
0
1212.5
0
2450
2729.803922
97.39355084
0
286.7403315
0
97.01492537
2220
0
3371.148459
97.1191091
1322.969188
0
505.0420168
261.8518519
0
0
0
346.25
0
0
99.85074627
5400
0
24275
98.46153846
0
0
0
816.6666667
0
816.6666667
0
0
5900
97.35449735
740
650.4058442
0
0
7600
0
97.17514124
0
1566.666667
0
1566.666667
230
0
2870
0
107.3316283
0
0
0
700
2187.5
98.90710383
0
23900
0
172.6495726
0
1275
0
10653.27273
99.76751264
2642.307692
0
0
2642.307692
0
0
0
2642.307692
0
585.5769231
0
585.5769231
0
0
0
609.6774194
98.05068226
2060
0
0
0
0
0
97.91666667
0
0
0
97.88149351
1080.076628
0
0
11462.85342
99.13516157
2070.686456
0
0
669.7580645
0
669.7580645
185.8379169
0
0
0
5620
0
0
1274.567972
0
0
0
335.0649351
527.2636816
99.77791878
471.4285714
5439.831288
0
181.8181818
0
0
0
0
506.2222222
0
506.2222222
0
2173.333333
0
2173.333333
0
0
174.6153846
0
0
145980
0
1195.238095
0
0
450
0
0
0
0
0
250
0
1183.333333
1267.300249
0
98.37177748
6041.666667
98.37177748
96.66666667
0
303.4188034
99.57627119
14750
98.98989899
922.7272727
154.2222222
0
0
1528.92562
99.74632166
2320
0
14300
0
96.66666667
0
0
0
0
3200
98.48484848
98.90251055
10585.47419
98.83018762
780
0
867.7419355
0
0
406.6666667
906.5789474
0
0
520
0
98.18181818
99.39944631
6500
98.48484848
13760
0
98.27586207
0
0
3404.761905
0
0
0
0
18100
98.3974359
13550
98.53479853
2100
0
593.3333333
0
2833.333333
0
4700
0
97.87234043
100
0
209.5480138
0
0
0
0
97.08333333
3328.571429
97.08333333
98.82352941
2516.541353
98.06896552
12757.14286
97.77777778
1064.285714
0
0
300
0
0
0
300
0
145226.2857
98.86462384
0
0
0
0
311.7647059
0
0
97.8956229
140
0
2556.923077
0
140
0
2433.333333
0
98.21428571
98.52941176
0
0
0
353.125
0
353.125
0
1462.5
3472.04
96.95412145
97.5
0
340
97.15909091
3900
0
200
0
0
0
0
2350.649351
0
2350.649351
0
97.2826087
97.8709675
99.89754742
8300
1089.927184
98.12413492
10488.23529
98.88888889
97.84482759
99.91569736
1775
0
11177.77778
0
634.375
98.93617021
0
0
0
20400
98.7804878
99.56521739
19800
99.49748744
0
0
0
0
97.37631184
0
11566.66667
0
0
4488
0
0
1804.761905
0
0
0
0
1790
99.18367347
1433.333333
0
5775
97.87234043
99.90418871
2150
0
0
0
0
0
0
1100
98.93617021
0
128.5714286
0
0
357.9843225
0
350
98.04964539
0
0
9631.924883
98.56143567
5032.230576
98.97937258
30663.63636
0
96.700491
0
0
0
0
13400
0
97.96803951
99.07894737
3900
0
0
0
0
0
0
22450
0
0
0
588.8747616
98.32502769
0
0
150
0
0
400
0
0
15011.11111
0
99.95617647
208344.4444
0
0
0
0
33650
99.20987654
0
972.7083333
0
0
0
0
197.1428571
0
494.2857143
0
0
2556.875
97.36532581
239.2857143
0
3772.281167
97.4175429
99.77876106
359900
98.95833333
148.6772487
98.29787234
0
0
1100
0
98.54483817
0
2753.603604
99.33405683
634.2222222
0
734.7107438
0
0
0
174.1814429
0
0
0
0
98.2421875
1160.740741
0
260.6060606
236.1344538
98.79931389
96.96969697
900
233.3333333
0
566.6666667
5145.062027
98.82740826
3102.933985
97.4980916
0
0
0
806.1337341
99.03013393
6114.039125
97.98333333
159243.9883
0
97.87234043
0
99.99094744
112900
180.420354
99.40828402
7628
98.70600414
113.3333333
0
3526.666667
0
0
385.625
1881.981982
0
0
0
0
477.3195876
0
765.9793814
0
562.0689655
0
2914.818032
98.04795599
0
0
0
6680.116959
0
114.2857143
0
1007.692308
0
0
1677.834144
0
0
0
0
0
34252.85714
0
0
0
440
0
2900
0
0
895.6709957
97.56521739
99.69729399
300
191.6666667
0
200
100
98.12392796
0
3900
0
0
0
0
0
0
0
0
0
1260
98.71929825
65525
98.48888889
638.1803616
0
0
0
7592.307692
99.81481481
1925
650
0
0
600
0
0
530
97.89473684
0
0
0
0
1928.571429
0
0
0
0
0
0
395.2380952
417.6282051
0
0
0
99.35483871
562.5
1804.761905
0
0
18100
98.9010989
0
0
0
98.21428571
99.97113334
3900
0
0
98.29059829
98.08510638
1900
2916.428571
0
3333.333333
97.08737864
0
0
0
3471.428571
97.2
0
0
0
0
97.11741529
15885.30762
99.0502451
4835.483871
97.97385621
15885.30762
99.0502451
4835.483871
97.97385621
7104.502814
98.99305556
6417.241379
97.93650794
9500
98.97762346
4484.90566
97.81893004
4056.036578
99.04411765
5092.307692
97.96825397
13141.37931
99.04761905
6735.9375
98.00380952
8142.424242
99.00568182
4614.285714
97.87878788
5458.312655
98.99305556
4555.172414
97.85185185
5391.205491
99.01855469
16218.40796
98.06097561
8891.735537
99.0162037
8238.235294
98.00705467
14489.66565
99.03935185
8032.53012
98.02962963
5659.100141
99.01258681
5438.461538
97.91666667
3968.141368
98.99305556
5951.724138
97.92022792
6014.649682
99.01855469
4676.119403
97.90625
99.14383562
23900
0
100
0
4900
98
300
98.7012987
0
12674.19355
96.96969697
99.20212766
0
96.89716312
0
0
98.36690256
2600
0
1097.452229
98.29343972
99.9803619
5315.384615
0
99.98670476
3900
0
0
0
0
0
99.19354839
4100
97.61904762
129.1666667
0
243.75
0
243.75
0
243.75
0
243.75
0
243.75
0
243.75
0
243.75
0
243.75
0
243.75
0
243.75
0
243.75
0
243.75
0
243.75
0
243.75
0
243.75
0
243.75
0
725
0
0
97.02388743
124.2257651
0
0
0
0
0
0
98.99022801
9803.225806
0
386.4348255
0
1186.774321
0
0
99.4
1983.333333
98.90786517
0
6471.428571
98.55072464
1025
0
1550.793651
0
0
133.0532213
0
0
100.9225048
0
98.33333333
98.81656805
11520
0
0
5300
98.14814815
0
460
2900
97.07259953
10700
0
99.21568627
7154.142499
99.10726826
5209.734513
98.09583333
654.0232615
99
4587.5
97.86666667
556.1035953
98.97762346
4484.90566
97.81893004
98.96774194
0
900
0
700
4175
98.24561404
0
0
97.97979798
1775
0
34700
98.27586207
0
0
0
99.95179199
1775
0
0
99.85286481
1775
0
0
166.6666667
0
99.002849
1775
99.43910256
900
200
280
98.24561404
0
96.66666667
10780
98.65196078
8845.454545
98.88211382
99.09297052
0
0
1900
0
96.66666667
16220
98.87663399
10634.54545
99.06842818
0
97.89473684
233.3333333
200
0
500
4460
98.24561404
96.82539683
1775
97.84946237
1775
2466.666667
0
98.45559846
98.03439803
1169
97.91666667
99.97630339
44900
99.55555556
891.6666667
99.97647405
44900
0
12263.63636
98.75306373
9570.761671
98.96595528
99.98822098
5900
6700
98.20772059
6628.205128
98.51371951
99.1872141
99.55758769
99.55562171
99.98111965
5150
8776.190476
98.52467811
0
8845.454545
98.88211382
0
97.77482839
8060
98.34558824
7188.888889
98.62804878
0
98.93162393
63900
887.5
21614.28571
97.36842105
0
97.61904762
98.73417722
0
0
13400
0
97.22222222
63900
881.25
99.36305732
0
136700
98.24561404
97.24137931
7900
600
485.7142857
0
885.7142857
0
98.24561404
99.0990991
235.2380952
98.86363636
99.38886239
0
900
325
1279.032258
98.24561404
99.95917256
11900
833.3333333
0
99.76851852
1460
6474.495272
0
1125
0
1050
0
96.94736842
0
98.68131868
5900
0
100
0
98.24561404
99.97670058
47452.23881
97.89704959
533.3333333
98.93842887
7141.37931
97.61904762
609.5476662
98.97762346
4484.90566
97.81893004
596.5086227
98.97762346
4484.90566
97.81893004
686.8809846
99
4587.5
97.86666667
6230.668853
99.02161215
3959.701493
97.91207108
0
1265.651713
98.984375
4515.384615
97.83333333
0
682.8918274
99
4587.5
97.86666667
630.9770895
98.99305556
4555.172414
97.85185185
637.439791
99.0162037
4664.705882
97.90123457
0
0
1276.962776
99.03571429
4761.111111
97.94285714
948.3045619
99.01855469
4676.119403
97.90625
0
23450
98.93842887
99.98479086
140900
0
0
0
0
153.6405055
98.5044416
200
0
17235.89842
99.06881313
4933.898305
98.01346801
0
0
11900
99.0375
4770.12987
97.94666667
2374.758324
98.97762346
4484.90566
97.81893004
3667.728124
99.07142857
7808.653846
98.04660588
8302.051282
99.01855469
5074.129353
97.92307692
4484.90566
97.81893004
18251.80723
99.0502451
4835.483871
97.97385621
9161.595547
98.96875
4445.454545
97.8
0
4886.052999
97.99440559
9161.595547
98.96875
4445.454545
97.8
9161.595547
98.96875
4445.454545
97.8
21893.12715
99.07875
4988.195387
98.03466667
3556.986435
98.82741261
3715.309842
97.49840764
8530.945214
99.04017857
4783.72093
97.95238095
3466.04392
99.03935185
5104.819277
97.96296296
21893.12715
99.07875
4988.195387
98.03466667
0
99.66777409
5733.333333
2330
99.70934073
4833.333333
98.4
0
99.72222222
35900
0
97.91666667
0
98.64864865
35500
98.87640449
98.37837838
99.95008873
13400
0
406.8518519
0
0
0
0
0
250
99.9905303
100
2100
0
400
0
9745.454545
0
0
144.2857143
0
97.85539216
99.92592593
14900
0
0
0
0
97.91666667
0
0
930.3030303
0
1880.709349
0
731.1688312
0
0
98.41269841
99.49494949
47900
0
0
0
0
99.99450074
211400
0
0
99.60715028
300
200
0
1400
99.66666667
1900
0
1900
0
1900
0
1900
0
1900
0
1900
0
1900
0
5900
98.33333333
5900
533.3333333
147.3684211
0
0
0
96.77419355
0
0
0
23450
98.93842887
98.86363636
0
0
0
0
650
0
471.4285714
99.78813559
400
0
0
0
0
0
0
99.94501718
19300
0
1277.990431
0
22700
698.245614
98.96978022
0
3900
97.40740741
11900
0
0
0
0
1733.333333
22700
0
99.78813559
400
1327.272727
98.93842887
5900
99.95199448
189900
0
23450
0
0
3900
0
3190.501792
0
1900
99.78813559
400
0
281900
98.93617021
337.8109453
98.4375
700
0
0
3900
0
0
97.22484695
6557.142857
98.92703863
99.9693456
181900
96.92307692
0
2271.428571
96.98795181
0
0
5605.128205
97.49598716
0
0
170900
98.24561404
0
0
0
5100
96.73076923
0
0
0
0
99.56896552
275900
98.09782609
139.7308782
98.7855612
0
3900
96.96558227
190.4435019
0
98.8179669
1432.432432
0
2809.090909
0
1422.297297
176.9640479
0
2809.090909
0
32471.42857
98.24561404
99.78813559
3650
11087.27757
0
0
650
98.05250305
8150
0
97.0212766
0
0
0
0
0
0
99.35064935
99.02097902
5100
0
0
96.96969697
28546.15385
0
0
0
0
0
0
0
0
0
0
449.131016
0
0
0
2940
0
0
97.45762712
129.1666667
629.9173554
0
544.4444444
0
1766.666667
0
0
0
346.25
0
215.3333333
0
0
327.952381
0
0
0
0
0
400
0
5000
98.03921569
19854.02299
97.66129032
0
2110
97.36048265
9500
96.875
0
0
254.6666667
528.5714286
0
0
98.93617021
0
0
97.59615385
0
60400
99.83471074
47517.78846
0
98.64864865
2634.375
540
0
353.8181818
720.5128205
97.15169271
0
98.06744913
1933.898305
0
98.16616361
0
0
0
0
0
0
2600
97.03703704
0
0
0
0
0
0
0
27900
0
0
0
0
96.92682927
0
5154.079254
97.96756384
99.9763202
14620
0
0
0
677.2727273
97.61904762
0
99.96356766
1900
0
700
0
6928.571429
0
1651.605184
0
0
0
0
0
0
60665.71429
99.83543352
60665.71429
506.0606061
0
31519.04762
98.79518072
2316.666667
0
0
3900
0
351.1062634
0
97.67691358
8071.900826
98.56644417
0
1775
99.25
0
0
22170.27027
99.5049555
25475.75758
99.37796209
0
0
0
0
100
0
0
1362.222222
0
4566.666667
123.8095238
97.87234043
500
350
0
97.02380952
2476.785714
99.22383922
275
0
109.0185824
99.52721106
0
3358.823529
98.7244898
180
0
180
0
180
0
180
0
180
0
180
0
180
0
180
0
180
0
180
0
180
0
180
0
180
0
180
0
180
0
180
0
180
0
180
0
180
0
180
0
180
0
180
0
180
0
180
0
180
0
121.8566205
99.3676324
4870.568182
98.74259848
180
0
180
0
180
0
180
0
180
0
180
0
180
0
180
0
180
0
180
0
180
0
180
0
180
0
180
0
180
0
180
0
180
0
180
0
180
0
180
0
180
0
180
0
180
0
0
6130.769231
0
400
2380
99.19354839
0
97.61904762
98.80952381
1400
98.43960839
2257.142857
96.96969697
96.77224652
0
99.46902655
0
96.77419355
0
100
0
0
100
0
0
0
926.6666667
0
0
584.4444444
100
97.22222222
0
0
0
208.5714286
0
0
0
0
203.5714286
0
99.7972973
566.6666667
0
0
0
2600
0
98.125
98.33333333
300
98.125
0
100
0
96.66666667
98.33333333
0
0
100
0
0
96.875
500
98.14814815
0
0
97.42326639
0
433.3333333
0
0
0
0
0
0
0
0
0
566.6666667
0
0
0
0
0
0
0
0
0
0
0
0
0
98.94957983
0
0
0
0
0
98.85452463
0
0
0
200
98.72340426
99.20212766
2720
0
97.83687943
0
1846.288156
0
97.10104843
2324.514247
0
0
96.93515704
0
98.25
98.93617021
98.93617021
99.23861733
98.65263158
2837.5
0
0
0
0
0
97.90871067
98.93617021
98.98989899
0
1780
97.87234043
0
98.56382979
132.5786816
98.67678861
98.93617021
0
0
98.93617021
98.63864137
99.30603891
0
0
156.4102564
0
0
97.61012301
98.36065574
0
0
0
455.5555556
0
0
0
0
130.7692308
0
98.81144534
98.66356383
98.93617021
0
0
0
98.93617021
0
97.36702128
98.93617021
0
0
0
98.93617021
0
0
8900
98.91252955
3002025
0
97.99601064
98.93617021
98.93617021
0
100
0
98.93617021
98.93617021
98.96907216
0
0
1988.888889
0
0
2052.941176
0
0
0
0
148.8888889
0
0
0
319.3333333
0
96.66666667
97.17647059
2741.666667
0
238.4615385
0
0
1656.720349
0
118.1088873
0
3740.070922
0
96.66666667
0
0
2525.26096
96.99880716
96.66666667
96.66666667
96.66666667
96.66666667
96.66666667
96.66666667
97.95918367
97.95918367
96.66666667
96.66666667
96.66666667
96.66666667
96.66666667
96.66666667
96.66666667
96.66666667
96.66666667
96.66666667
96.66666667
96.66666667
96.66666667
96.66666667
96.66666667
96.66666667
0
0
5684.291899
0
111.1986374
1873.28629
99.31340996
2139.583333
0
0
1028.571429
0
0
1510.59413
98.4
0
1142.55814
0
0
0
0
426.8817204
0
0
0
0
0
0
575
0
100
0
3711.428571
97.37631184
100
0
2675
0
691.7
0
0
40269.02655
99.9465812
11950
0
0
299.1683992
0
98.94736842
0
490.4761905
0
511.1111111
0
2025
99.97591284
95900
0
1100
98.17708333
99.99092312
230900
0
0
0
99.36507937
15800
7430.791789
98.14814815
0
0
0
0
142.4242424
0
6275
98.03921569
809.2222222
0
0
0
0
365.7709533
0
99.39903846
3200
96.96969697
3380
97.12643678
14300
0
581.8181818
98
633.3333333
0
99.97626364
4333.333333
99.49845679
20900
99.97093023
3900
99.98815716
426900
0
0
232
96.89085952
756.1320755
96.6857385
186.7647059
0
274.9991374
0
189900
98.94736842
98.94921191
0
0
0
0
357.03125
0
97.77777778
4400
99.50564657
3509.375
99.48051948
4566.666667
97.85714286
4900
0
0
98
2900
96.66666667
1500
0
0
250
0
3983.333333
0
0
98.71052632
98.46770778
634.6641538
0
213.9705882
0
0
0
0
0
0
2500
0
0
500
0
108.4745763
0
0
0
0
1442.857143
2036.864847
0
0
119.3455082
20400
97.56097561
0
99.88304094
800
617.9487179
98.41269841
300
119.375
0
420
0
434.375
0
0
0
99.98234278
5900
0
6233.333333
98.24561404
717.1428571
0
0
259.4202899
0
0
400
98.94587619
2600
0
0
1022.839506
0
0
96.96969697
4685
98.95506792
9470
99.9754424
23700
0
98.50746269
0
10100
98.03921569
962.5
0
0
99.4
173900
98.27586207
0
8700
0
0
2400
99.70631424
4700
2150
0
0
99.55357143
22053.84615
98.40016367
1168.227425
0
0
1433.333333
0
0
340
0
7400
0
0
837.5
753.3333333
0
0
0
1005.066667
0
900
0
99.98796596
8650
1147.563353
96.875
100
0
300
0
175
99.14070892
11900
0
98.29787234
5900
99.88317757
56900
97.66081871
0
99.02777778
10300
0
0
0
0
0
0
0
0
99.04761905
99.35332158
13500
98.52941176
0
98.90710383
9171.428571
0
302.2205045
0
0
0
0
980
99.98296422
129900
0
99.97540002
59300
0
0
97.43589744
6806.25
0
0
0
15415.15152
0
0
0
0
0
6012.5
0
100
98
5650
0
99.9853733
189900
0
99.57983193
25042.85714
0
99.09090909
950
1060.714286
97.7481103
142.4242424
0
293.75
97.46031746
800
0
0
0
1600
97.05882353
237.5
0
99.89583333
2300
0
0
99.0990991
99.92647059
3900
0
1500
0
1075.757576
0
0
97.27272727
3900
0
0
0
99.80198733
7900
0
0
0
0
1400
0
0
0
0
0
99.41964286
9900
400
0
0
97.91666667
0
0
98.26886342
0
0
0
0
97.39583333
9500
0
97.39130435
5900
0
0
0
96.875
427.7777778
99.97961432
7950
0
4344.444444
0
99.97659406
130400
98.85057471
156.6666667
263.6363636
0
0
98.75222816
45900
98.91304348
10700
99.07407407
1533.333333
0
0
0
0
0
98
5285.714286
99.71590909
36462.5
0
350
0
0
0
0
875.8653846
0
1144.444444
0
200.281294
300
0
0
0
0
0
338.1613757
0
0
0
1011.111111
0
0
217.8981938
0
0
0
0
192.0289855
0
289.7435897
0
0
390
1265.05425
0
0
1127.040635
0
0
0
823.9583333
0
0
0
99.54545455
204819.4595
0
775
0
0
1247.5
0
1034.736842
0
1034.736842
0
1034.736842
0
0
99.16666667
300
0
18435.41667
99.6403282
612.5
353.3333333
0
321.0526316
0
0
1622.767857
0
271.6450353
0
0
0
0
41233.33333
98.92473118
0
0
726.875
0
0
97.4025974
3750
0
0
5675
97.22222222
3650
99.58823529
24185.71429
0
3136.42732
99.16666667
0
99.79292972
37900
97.23684211
98.87625418
1614.285714
0
406.25
0
2728.395062
0
514.3333333
0
0
130.375
99.99625986
550300
0
99.29577465
1450
0
1127.272727
0
2600
0
0
0
0
0
0
0
99.6742671
243900
98.46311475
98.35641553
0
0
175
0
0
99.59819488
0
476.9230769
0
98.83040936
9066.666667
8628.571429
98.36333879
99.96791577
9100
98.36065574
99.99471231
9500
0
99.88699617
378.125
0
98.35980772
99.53684211
53900
0
0
0
0
0
0
0
0
0
0
0
0
250
505.4945055
96.72131148
0
0
0
0
0
98.35612044
0
1100
97.5308642
99.98660268
239900
225
0
99.92567938
2140
99.9162571
1900
99.97978748
119900
400
97.00925926
0
0
99.96747892
419900
97.09183673
99.98386771
599900
97.06363636
99.07550077
0
0
0
97.78726327
0
0
0
301.249505
98.42105263
0
757.1428571
0
200
0
500
0
0
0
0
0
0
328.5714286
0
3500
99.44444444
17900
0
0
96.96969697
3900
200
0
97.05882353
4400
0
765.4545455
0
328.5714286
0
0
0
0
0
0
0
300
0
0
0
971.4285714
0
0
99.99109018
190714.8148
0
0
2487.5
0
312.5
0
0
358.3333333
99.48849105
20809.09091
196.5217391
0
0
841.1764706
0
0
0
0
12837.5
0
0
2775
0
0
0
0
0
0
0
0
0
200
0
300
100
0
330.976431
0
425
0
605
0
0
0
0
575
0
200
0
0
96.66666667
16507.14286
0
0
232.1428571
0
0
0
3050
5614.285714
98.25
99.73333333
120.4724409
0
0
0
0
0
0
0
98.35835398
0
0
185.6696429
183.3160073
0
1700
0
97.05882353
486.6666667
97.33333333
4400
0
97.5
3900
98.94223424
98.38709677
5150
0
119.7619048
0
0
98.21428571
5900
0
98.64864865
7300
0
0
104.56621
0
2376.190476
0
0
0
96.66666667
2900
0
0
98.93162393
1550
506.0606061
104.56621
0
0
0
0
0
0
0
0
693.3884298
98.046875
0
0
0
0
5525
0
0
98.75
8766.666667
11950
97.9253112
269.1227125
97.35688889
0
0
0
0
69568.75
97.84695434
99.79125841
900
304.4518547
97.41299302
99.96272436
5500
0
300
800
0
9400
97.89473684
0
0
47509.18367
97.89956491
105.4882523
0
0
0
0
0
0
0
12344.44444
98.21428571
407.5
0
0
0
566.6666667
0
0
0
0
0
97.91666667
4900
0
97.59615385
4025
0
0
0
0
0
0
0
0
0
0
0
98.35899598
1233.333333
103.7037037
98.18181818
108.3333333
0
4900
98
0
99.91336076
1775
0
0
156.7567568
97.56578947
700
0
700
0
700
0
700
0
700
0
700
0
700
0
700
0
700
0
700
0
700
0
700
0
700
0
700
0
700
0
1020
99.25986842
0
0
0
0
97.56944444
0
0
2983.333333
0
0
516.6666667
0
0
0
99.98251748
11900
0
0
0
0
0
520
0
0
99.67426333
0
0
200
0
119900
96.66666667
99.56490241
0
99.91188141
20627.27273
96.78362573
0
98.83889695
9066.666667
0
0
816.6666667
0
97.82674772
0
98.03827013
2166.666667
0
99.14712154
0
235.6473024
98.84615385
5500
0
0
0
1900
0
2642.307692
0
1728.205128
0
2642.307692
0
0
585.5769231
0
0
0
0
0
0
0
99.99698817
22066.66667
0
0
0
0
96.77419355
100
0
300
0
1494.414063
98.59038883
0
506.2222222
0
0
2173.333333
0
0
0
0
0
0
756.9604087
0
0
99.98670343
278900
0
97.91666667
0
0
97.79411765
99.44306931
0
263.6363636
0
97.49380355
0
0
98.8
416.6666667
99.99250615
239900
0
99.97971311
5150
0
99.57446809
400
0
98.31578947
99.84962406
94900
0
2700
0
0
0
100
462.5
0
0
0
99.99114575
563900
97.16312057
99.90163093
101900
0
0
2479.813665
0
0
98.53479853
2300
0
96.79487179
145.2012384
96.96969697
0
0
500
0
0
6902.573099
98.82186164
0
0
0
98.08188266
98.40236686
344.4444444
0
0
0
99.00793651
0
0
99.3880049
1422.222222
0
31900
0
0
0
0
0
98.61111111
33900
99.83076564
39900
0
1125.324675
0
0
2350.649351
97.85714286
3900
0
0
317.9728318
0
0
751900
98.93617021
0
0
0
1500
0
0
0
0
0
0
0
0
99.7900314
5200
0
406.6666667
96.71052632
0
0
0
9500
97.91666667
73900
97.2972973
96.66666667
100400
98.50746269
0
0
407.1534467
96.66666667
164.3207856
98.1273977
1672.487196
96.66666667
0
97.75390625
1244.927536
96.66666667
261.7202108
98.41976768
1871.609786
96.66666667
0
0
400
0
0
0
0
168.2926829
0
0
98.85057471
2300
0
0
378.5
0
129.0076336
0
0
2879.047619
0
272.3809524
0
114.0468227
0
0
683.8633687
0
0
0
0
3204.166667
169.3568726
0
0
0
0
1508.695652
0
1508.695652
0
2750
235.0877193
18100
98.9010989
99.77158747
0
780
10027.38636
0
0
2033.076923
0
0
0
98.57142857
48504.83871
0
0
0
0
0
0
0
1372.895768
0
98.96907216
582.4038462
0
0
668.90975
0
0
861.3095238
0
0
0
4300
0
0
700
0
0
98.33333333
36263.63636
98.33333333
98.33333333
0
0
0
0
0
0
0
99.60935019
9580
98.96694215
4500
0
0
0
600
0
0
0
0
10340
0
0
97.70409115
5834.163934
98.63113372
4775.573921
0
0
98.30508475
98.30508475
97.40346947
0
0
164.1456583
173.9130435
0
0
0
492.6773455
0
0
0
0
0
98.24561404
0
0
98.24561404
191.6666667
98.24561404
0
300
0
97.56097561
0
0
0
3921.381579
0
97.22222222
3300
0
97.07602339
800
277.7777778
0
300
0
0
400
0
0
267.3469388
0
0
0
0
0
0
0
257.1428571
0
951.3333333
97.93119848
1634.8659
0
0
464.1544118
0
0
588.6077217
0
0
705.5113937
0
1462.100031
0
0
182.8409091
0
0
98.71794872
5300
98.14814815
0
0
102.020202
0
4195
0
166.6666667
0
0
97.71428571
3353.125
1856.923077
0
0
245.3125
0
100
97.22222222
300
265.625
0
150
0
0
148.1527094
98.12865497
98.24561404
0
0
0
400
0
0
2664.285714
0
400
0
0
150
98.24561404
0
0
552.5
0
100
0
0
0
0
0
0
2800
0
300
98.17073171
347.0588235
0
0
2800
0
0
0
600
0
600
100
100
0
0
97.08015488
3389.361702
97.13414634
300
0
2100
98.86363636
373400
98.98259705
702.6315789
1533.333333
97.95918367
400
0
300
0
0
866.6666667
0
0
900
96.66666667
0
300
0
0
685.7142857
354.5454545
0
2800
0
226.6769073
0
3633.333333
0
150
0
0
0
0
96.84542587
1982.5
0
0
98.07923169
5362.5
0
173.125
0
0
0
2800
99.98084291
20200
0
0
0
96.66666667
300
1550
0
0
116.0864346
102.2222222
99.80769231
51900
0
0
2800
0
604.3733333
0
0
2802.564103
0
2802.564103
335
0
0
650
0
0
163.6363636
0
1150
0
0
300
0
891.6666667
0
98.24561404
0
0
0
0
0
836
0
0
0
836
0
0
0
96.875
0
500
503.7037037
0
0
0
1900
5300
100
0
0
0
269.4444444
0
269.4444444
0
96.68674699
0
0
0
98.42105263
8185.714286
98.79310345
0
350
511.1111111
0
0
0
0
200
0
0
0
0
0
0
0
337.2505346
0
151.7241379
0
655.1724138
0
0
0
0
0
122.2222222
1932.5
0
136.25
0
725
0
5400
0
2993.333333
0
98.66962306
6028.571429
0
0
123.951049
300
0
0
346.875
0
189.2156863
0
0
0
98.21428571
300
900
0
0
0
860
0
97.91666667
0
0
273.0994152
0
659.0643275
0
98.07692308
0
920
0
98.27586207
98.27586207
0
0
0
97.88359788
4300
97.72727273
4625
113.3333333
0
5233.333333
98.125
753.3333333
0
98.58156028
0
97.36842105
3657.142857
97.74397972
0
0
0
221
1239.563863
0
0
0
0
0
114.375
198.5422741
0
133.2361516
0
0
114.375
4308.163265
97.73148148
150.728863
0
185.8333333
97.19298246
98.24561404
98.24561404
0
0
98.24561404
0
135.2941176
0
98.24561404
379.7660819
0
0
645.6140351
0
0
366.5959703
0
0
0
0
0
300
0
0
0
0
2367.348544
0
0
4566.666667
98.21428571
207.5
919.5121951
0
0
0
139.5955882
0
446.1805556
815.4481882
0
0
402.173913
0
100
150
1900
100
100
98.24561404
98.24561404
0
100
0
100
0
0
97.0703125
119.0740741
151.0566357
0
0
4300
0
447.7599324
99.00645516
0
1625
0
290.9090909
98.27586207
0
0
303.4482759
0
2695.294118
0
0
0
140
0
2523.076923
0
0
0
955.5555556
0
111.1111111
99.06017391
1100
0
0
740
97.61904762
2618.75
0
138.6363636
99.98006398
4550
0
2971.428571
0
99.40828402
2900
463.3333333
437.305952
0
0
270.8333333
0
200
0
7650
0
0
96.66666667
2900
1012.5
99.08980475
160.8695652
0
98.38060283
1975
0
99.92443539
209.7826087
300
300
0
250
514.2857143
0
300
0
98.62297253
53900
0
300
0
0
0
6910
0
0
306.9230769
0
300
933.3333333
0
0
0
0
0
99.41413646
1700
0
900
0
614.2857143
0
0
185.7142857
155
0
400
0
0
97.42647059
614.2857143
905.5718954
0
614.2857143
0
98.10606061
5900
257.8947368
0
0
1290.909091
257.1428571
0
0
0
100
700
0
0
0
0
97.69410917
636.1111111
1275.471698
0
205.5555556
0
0
446.1302349
0
0
1252.380952
862.2405486
0
208.1664099
0
0
366.11387
0
0
566.6666667
1274.107143
0
200
0
0
675.4535097
96.91028424
0
3442.857143
1188.306452
0
244.2622951
0
0
0
0
0
0
8857.142857
98.88357257
0
0
8911.857708
98.89035088
0
0
8742.307692
98.86907351
0
0
9420.786517
98.94966661
0
0