500
41.66666667
1100
45.83333333
1700
47.22222222
500
41.66666667
500
41.66666667
1100
45.83333333
1700
47.22222222
1700
47.22222222
1700
47.22222222
1900
47.5
1700
47.22222222
1700
47.22222222
1900
47.5
0
45.58823529
0
0
0
0
0
0
0
45.58823529
0
0
0
0
0
0
1700
47.22222222
1700
47.22222222
1700
47.22222222
500
41.66666667
1100
45.83333333
870.5627706
99.37555754
1900
20300
99.50980392
5900
1700
47.22222222
0
3005.555556
99.64221825
1550
46.96969697
1550
46.96969697
1550
46.96969697
1700
47.22222222
0
41.66666667
0
41.66666667
500
41.66666667
500
41.66666667
100
41.66666667
0
42.85714286
0
500
41.66666667
1700
47.22222222
47.99291617
233.3333333
37.5
300
43.75
242.8571429
47.22222222
1700
47.22222222
1700
47.22222222
0
41.66666667
1700
47.22222222
1700
47.22222222
500
41.66666667
99.73901406
11733.33333
99.85915493
1100
2530.166667
99.6831633
31462
99.6831633
1700
47.22222222
1700
47.22222222
1700
47.22222222
1700
47.22222222
1700
47.22222222
1900
47.5
42.68292683
483.3333333
41.42857143
0
0
870.5627706
99.37555754
1900
172.5517241
99.56140351
6400
0
97.39583333
38.88888889
350
237.7777778
35.19736842
45
5200
98.11320755
500
41.66666667
177.7777778
42.79761905
0
0
5974.442105
98.35375828
0
350
0
130.4444444
0
0
379.338843
39.56896552
1966.115702
46.43333333
0
37.23235527
0
98.46153846
0
99.12769489
0
217.7083333
6527.612088
99.50529867
0
0
0
0
210
0
0
0
0
4462.5
43.15068493
41.11111111
0
301.0416667
36.14718615
260.9375
36.14718615
0
0
260.9375
36.14718615
260.9375
36.14718615
0
301.0416667
36.14718615
260.9375
36.14718615
0
410
39.10675381
344.6666667
38.75562219
359
39.10675381
260.9375
36.14718615
0
394.0740741
39.88005997
301.0416667
37.53246753
301.0416667
37.53246753
97.43589744
3900
97.1875
0
125
0
0
212.5
0
45
35.61554269
43.33333333
0
41.66666667
366.6666667
0
0
1550
98.18181818
0
0
266.6666667
38.68686869
35.71428571
0
0
8731.210191
98.72610891
0
170
37.5
1988.888889
47.60638298
100
0
100
0
40
2400
0
134.2857143
40.85365854
41.875
2361.538462
47.96875
2521.648072
48.09280275
39.74358974
42.85714286
0
98.9010989
1366.666667
46.59090909
397.4452907
0
46.66666667
668.4322034
46.94995864
0
0
417.8571429
0
48.07422969
18476.27119
43.54014599
0
45.3603521
0
1153.066403
46.00978848
0
0
352.3809524
0
0
4028.045867
47.51736111
0
0
0
0
103.5002035
0
0
0
0
48.09087438
2519
48.09087438
2519
98.27586207
99.15254237
43.65079365
400
0
98.30508475
99.66329966
40
150
1100
0
254.5454545
0
0
0
0
0
140.6015038
0
2666.917293
48.19293478
260.9022556
36.14583333
0
0
140.6015038
400
41.42857143
0
0
0
0
0
1207.142857
46.17486339
0
0
41.66666667
2750
45.90643275
430.3571429
41.91919192
0
206.4285714
0
0
177.5510204
0
39.48863636
0
0
676.4705882
115.6565657
47.01405152
0
10100
97.66339869
462.619199
2433.333333
353.9487462
99.76811665
9400
47.63157895
2033.333333
0
45.74742268
0
44.50549451
725
0
997.1428571
45.44270833
894.2857143
44.97126437
2063.428571
47.68885367
41.42857143
575
42.59259259
575
42.59259259
483.3333333
41.42857143
575
42.59259259
483.3333333
41.42857143
483.3333333
41.42857143
483.3333333
41.42857143
490.8513846
99.02952085
7409.375
97.5031211
12716
99.32376196
938.4615385
35.06666667
47.8096539
46.25862409
99.5412844
65900
45.83333333
1688.143251
96.69699282
0
39.56703182
274.8197115
0
224.84375
43.84319384
712.109375
43.84319384
3500
38.31086601
713.1661716
98.90410959
1127.777778
0
43.75
0
101.9919623
429.9512468
0
38.63147839
971.6210148
45.0686532
46.02455015
1263.095238
46.33187773
1263.095238
46.33187773
1157.719298
46.02455015
1263.095238
46.33187773
1263.095238
0
99.46994002
18765.78947
42.71167527
586.0287081
42.71167527
40.30777429
171.3642473
0
48.10344828
0
0
0
725
0
44.79166667
860
3256.800766
97.4398987
4449.090909
97.44204636
44.79166667
725
0
0
0
0
580
42.64705882
46.66666667
900
0
35.85858586
42.85714286
250
35.71428571
250
99.375
600
8360.78253
97.2646907
98.85057471
0
560
0
0
46.80851064
0
0
150
0
2450
48.03921569
150
40
400
40
400
98.12414842
0
0
0
3785.714286
97.42647059
204.7619048
1971.428571
42.4137931
0
1500
0
98.33333333
400
0
0
0
0
99.12280702
0
340
0
0
0
0
0
0
0
219.1176471
99.53917051
100
0
100
0
100
0
100
0
100
0
233.3333333
35
233.3333333
35
233.3333333
35
100
0
0
0
100
0
100
0
42.85714286
1325
42.66666667
35.64593301
248.3333333
35.64593301
2025
47.64705882
290.9090909
44.67054264
838.1818182
44.67054264
838.1818182
0
0
0
9849.333333
99.24953096
489.2857143
41.51515152
46.42857143
0
0
0
4820.32967
97.96761586
0
225.7142857
0
0
0
0
0
0
0
0
100
46.875
0
2805.215827
98.72642853
41.55405405
492
356.0810811
39.03703704
0
0
46.77664975
901.5748031
0
0
269.1118083
96.95326315
0
41.26444371
439.6825397
47.54901961
1940
35.29411765
240
1248.039216
46.29090909
0
0
45.09803922
920
45.09803922
21901.73077
48.09423808
1066.666667
37.14285714
0
97.56756757
0
527
46.01275917
3984.736842
0
0
256.1069958
179.2544748
0
0
48.01587302
3620
46.63082437
0
15638.66667
99.36462216
433.3333333
207.5
0
1622.710177
0
0
1191.034483
0
48.07692308
98.38709677
4850
97.97979798
0
0
2500
4600
0
42.64705882
43.33333333
650
43.33333333
650
0
0
2280.826737
47.91374215
752.5896414
45.17133956
219.3548387
0
0
0
0
0
219.2851824
0
35.48026806
0
0
1652.866242
47.14752907
0
0
0
1014.16309
45.52837699
98.76149334
0
43.67159498
6088.495575
0
40.625
98.00884956
0
99.16666667
7455.555556
2772.058824
48.25908858
1217.013575
45.88885141
13454.44444
99.26223461
0
0
46.12903625
515.8940397
41.88172043
0
9565.680473
98.96541169
98.27586207
98.38709677
940
45.19230769
2800
99.08045977
375
0
0
0
0
0
220
0
2193.333333
97.6744186
43.75
166.6666667
0
0
0
98.27586207
5361.633493
99.45216896
323.75
97.05014749
2622.222222
0
0
0
0
0
2366.666667
48.19341216
0
0
143.5714286
0
0
41.33928571
0
0
0
0
48.02631579
9729.869281
98.7340173
135.7142857
39.77272727
470.3703704
0
0
391.6666667
98.30508475
11900
46.66666667
125
1855.555556
47.44318182
39.58333333
380
39.58333333
0
0
46.59090909
200
411.1111111
40.2173913
466.6666667
41.17647059
0
0
0
0
0
40
400
0
0
359.2592593
0
97.10526316
27433.94495
47.09449554
186.4583333
41.27272727
330.46875
149.7277677
0
2049.969231
47.54852853
0
152.2167488
0
152.2167488
0
1539.408867
46.95012019
110.180624
0
40.14778325
407.5
40.14778325
540
0
916.9491525
39.16666667
1218.540925
45.33283644
46.875
316.1290323
0
46.25
200.6060606
1683.783784
46.83528837
42.63392857
578.7878788
0
0
0
0
238.2173382
40.14440433
0
11577.05474
99.40683613
0
178.0208333
41.56987636
498.1538462
163.0315501
0
1705.737185
48.22140295
0
285.4014599
37.02651515
0
1088.019129
97.45762712
4900
46.68916667
0
231.0833333
0
0
194.375
39.10120311
358.7662338
39.10120311
250.6493506
0
6178
98.93809069
150
0
0
34429.88827
99.71039582
337.6666667
38.57578065
337.6666667
38.57578065
5843.816698
98.31757934
46.52777778
1335
0
0
140
38.88888889
350
38.88888889
98.24561404
0
99.67105263
220
7000
99.43661972
7000
48.23943662
0
671.4285714
0
98.88888889
191.6666667
0
0
3766.666667
99.48275862
0
220.625
0
0
0
400
40
3224.902869
47.99101274
0
0
0
0
38.0952381
320
38.0952381
5700
45.56650246
0
99.23115079
1150
0
0
1400
40
1900
930.1403509
98.01310217
400
41.42857143
0
0
0
0
6000
98.36065574
0
0
0
47.15909091
940
45.19230769
9340
98.94067797
0
0
0
0
0
0
0
0
0
0
0
0
40
300
40
0
700
38.75
301.5531892
97.02662722
44.66666667
2733.243119
0
36.6207466
0
47.83783784
0
38.23529412
220
20212.5
99.42307692
36.66666667
0
4400
36.9047619
0
211.1111111
0
918.5185185
45.09090909
522.2222222
39.81481481
48.05194805
2525
48.0952381
2525
48.0952381
2466.666667
48.05194805
2525
48.0952381
2525
0
48.05194805
2466.666667
2300
0
48.07692308
8966.666667
98.56440571
357.1428571
38.88888889
0
46.41965335
5446.666667
98.07692308
0
39.33333333
4600
44.14893617
0
138.1996234
98.13415136
530
42.06349206
530
42.06349206
530
120
98.25174825
345
97.37827715
1385.714286
98.07692308
100
0
143762.201
98.70246204
419.1071429
40.36807706
419.1071429
0
45.71917808
1172
46.92085954
226.8085106
38.56026786
38.61788618
339.2857143
41.46341463
0
900
46.66666667
1400
653.3333333
43.36283186
693.3333333
43.69747899
96.66666667
300
650
43.33333333
650
1200
98.65384615
407.9365079
45.3125
110
433.3333333
454.0332512
0
0
0
0
0
0
600
0
46.8902535
200
670.5555556
44.40338861
0
0
47.43589744
0
45.83333333
300
0
6306.842105
97.18113859
909.9667774
97.53289474
38.88888889
350
38.88888889
0
802.8571429
97.0464135
0
40
0
45
98.83886016
0
0
99.72527473
51356.95364
45.89462677
36.59600754
840.2294708
47.01550388
0
329.6675192
1024.092675
46.84316827
0
916.2994627
45.08019026
0
0
40.7120743
6033.333333
0
0
99.78723404
1942.857143
0
0
0
0
37.69230769
43.75
116.6666667
0
116.6666667
0
0
2825
48.29059829
983.7762238
45.88216661
10670.83333
99.07156673
0
0
2825
48.29059829
983.7762238
45.88216661
10670.83333
99.07156673
0
0
2772.058824
48.25908858
1217.013575
45.88885141
10667.77778
99.07130327
0
0
2558.139535
48.11898513
1306.511628
45.94155844
10643.33333
99.0691902
0
0
2766.776316
48.25588067
901.6447368
45.97701149
10814.28571
99.08376963
0
0
1030.769231
45.57823129
0
2801.315789
48.27664399
1124.232456
45.92476489
14288.46154
99.30499866
0
0
1078.04878
45.75569358
98.88888889
5750
2686.324786
48.20552147
1368.2861
46.18983957
10655.55556
99.07024793
0
767.5065492
702.4244794
0
2618.75
48.16091954
1281.153846
45.9273183
10650
99.06976744
0
0
2686.324786
48.20552147
1269.625247
45.9499808
39977.0416
99.75048058
228.8135593
0
99
6312.5
2722.612086
48.22859116
1337.980917
46.15504359
17894.87179
99.44428612
42.30769231
99.23076923
8000
2751.851852
48.24675325
960.4288499
46.18983957
20234.72222
99.50823031
100
0
0
208.5714286
0
362.8571429
39.19753086
2231.428571
47.85539216
1280.952381
46.01982759
11783.04094
99.15846457
0
1031.313131
45.58035714
0
2562.5
48.12206573
917.6923077
45.98021027
14543.75
99.31711481
0
0
98.88888889
8900
0
2696.568627
48.21209465
1387.109084
46.2562249
577.9661017
42.625
0
7963.241107
98.75980392
1006.719368
45.48214286
0
0
0
14042.85714
96.96969697
11766.66667
99.15730337
0
40.45454545
39.89376974
99.37432628
0
37.5
500
0
43.92058349
45.31835206
0
97.56416575
41.66666667
46.875
98.92473118
1271.446488
40.09297363
45.95
6616.049383
98.51102941
0
43.23604035
0
37.5
0
184.959276
0
184.959276
0
184.959276
99.63302752
6600
613.7764784
97.11174685
1118.461538
6300
0
98.46153846
96.875
25349.6318
97.14632414
3944.75043
97.52765957
140
0
0
37.83783784
44.44444444
800
0
0
48.125
150
700
0
0
99.85507246
40014.28571
2993.660969
96.76758375
1027.305443
45.75529562
254.2589216
35.88602941
0
254.6453546
35.90140845
0
10019.10549
99.01177036
0
0
0
98.88888889
5788.888889
2600
48.14814815
929.59285
46.33716725
10436.58537
99.05092593
0
0
2558.139535
48.11898513
1306.511628
45.94155844
10643.33333
99.0691902
0
0
100
0
700
0
14150
48.24561404
98.93617021
100
500
0
167.8571429
144.4444444
98.93617021
100
98.93617021
100
37.15727674
99.48193543
300
12275
0
47.4925
1216.051844
45.81267218
98.93617021
100
320
96.82539683
47.33924612
400
100
0
98.93617021
100
1400
0
0
98.93617021
100
98.93617021
100
0
0
37.5
2015
0
46.42857143
9300
98.93617021
0
200
0
0
0
0
99.10714286
0
150
0
97.43589744
5400
98.18181818
1100
266.6666667
96.96969697
185900
98.92473118
47.5
1900
99.11504425
48.0952381
35.1972875
99.21585028
0
167.8571429
966.6666667
97.5
300
237.5
0
0
0
0
0
300
37.5
0
0
45.55555556
1100
45.0310559
48.28571429
0
0
0
41.34615385
6857.580418
38.50174986
47.22222222
326.6666667
0
0
35.91463415
0
45.25423729
1480
415.6799539
44.13885533
98.00569801
4914.285714
154.2735043
0
97.2972973
1900
43.90243902
1100
47.91666667
98.28336557
3866.666667
47.89915966
6700
46.07843137
0
0
97.52747253
3944.444444
45.17795637
0
42.81847849
238.7212644
35.50219664
0
4528
42.22126188
45.83333333
11500
97.84482759
0
0
98.27586207
13348.27586
98.71794872
0
2558.139535
48.11898513
1306.511628
45.94155844
10643.33333
99.0691902
0
0
2558.139535
48.11898513
1306.511628
45.94155844
13026.66667
99.23819198
0
0
0
2774.80457
48.26075134
937.0014031
45.49443328
241.8275418
35.37274096
0
0
0
241.5966387
35.36285363
0
8642.857143
98.85620915
0
1095.061728
45.8161157
0
2693.209877
48.20994475
1242.592593
45.99343186
10098.77049
99.01948965
0
1021.478873
45.54160126
98.88888889
5788.888889
2667.924528
48.19359237
1260.580552
45.91537495
10655.55556
99.07024793
0
0
2558.139535
48.11898513
1306.511628
45.94155844
10643.33333
99.0691902
0
0
2662.068966
48.1897628
942.7586207
45.94155844
10643.33333
99.0691902
0
37.5
0
2728.125
48.2320442
972.6704545
44.90174268
214.2857143
0
528.5714286
0
0
0
8394.520548
98.82277052
1021.917808
45.54334554
98.88888889
5728.571429
2627.941176
48.1671159
954.4955324
46.51004016
10063.17016
99.01605505
0
938.961039
45.1875
42.64705882
40
320.5607477
98.33333333
0
0
43.33333333
99.8152545
17423.87273
139.9014311
97.1455771
0
0
0
144.5449975
98.75440658
43.96226415
728.125
43.96226415
728.125
109.0618337
0
0
0
175.2013635
0
97.64705882
0
48.18181818
0
97.05882353
98.7654321
98.49915361
0
1997.777778
47.61652542
37.90123457
313.2653061
37.90123457
98.94813589
0
0
9810.838663
98.99100365
39.61874696
381.6374269
39.61874696
97.82543038
0
98.99965565
0
4539.260401
97.844484
0
0
0
0
35.55555556
37.56521739
99.62264151
11375
2889.106754
48.32725948
1191.503268
45.951417
233.3333333
35
0
0
45.95959596
773.90625
44.27856249
773.90625
208.09941
0
271.0917219
42.69476088
13213.7931
99.24889925
0
41.41630901
37.5
52566.66667
98.97151899
1723.636364
98.74920692
0
0
0
99.16666667
7455.555556
2772.058824
48.25908858
1260.090274
46.01905946
584.4444444
42.69480519
0
0
0
12611.11111
99.21328671
0
47.61904762
900
99.03846154
7820
37.5
316.6666667
0
0
37.18944099
0
0
46.96969697
3900
0
0
48.1027668
1560
0
0
0
0
2558.139535
48.11898513
1306.511628
45.94155844
10643.33333
99.0691902
0
3058.043997
98.87014237
1114.798206
45.88409007
0
2924.834437
96.69403394
981.4857041
45.44562016
0
589.3617021
2475
99.43264563
42.78074866
1119.340378
45.89942227
98.27586207
98.27586207
98.88888889
5728.571429
2696.568627
48.21209465
1282.08061
46
10079.31034
99.01761518
0
1011.764706
45.5026455
42.93645996
98.88888889
5728.571429
2696.568627
48.21209465
1310.135002
46.05186599
516.3328197
0
0
146.5331279
5000
98.8002451
1044.024515
45.62946429
0
2688.906009
48.20718232
1234.123504
45.87109097
9774.125874
98.98725212
0
99.54545455
13011.11111
2905.084746
96.67230682
1003.937419
45.85459184
10683.33333
99.07264297
0
98.5
441.6666667
98.5
441.6666667
43.26039
0
2742.857143
48.24120603
1138.282209
45.5950708
528.5714286
0
0
42.85714286
41.66666667
5942.307692
99.02783404
0
97.87852886
1091.474554
449.5582652
0
698.7742594
43.74040921
0
2293.089431
47.91065059
823.1310322
45.04235249
0
583.8559814
0
35.37703804
0
0
97.69181789
2506.896552
98.61111111
7100
0
241.902109
35.3759311
42.1448468
536.5248227
0
8042.991507
98.77195009
99.89641778
94691.66667
412.7032967
40.24777092
0
203.9751553
125.4072042
0
701.056338
43.75824176
0
2732.352941
48.23468328
960.4524887
45.91537495
11526.38889
99.13988771
0
99.54545455
13011.11111
2905.084746
96.67230682
1003.937419
45.85459184
10683.33333
99.07264297
0
3900
35
3833.333333
97.45762712
0
0
98.7804878
654.2857143
43.37121212
654.2857143
43.37121212
604.7619048
42.90540541
604.7619048
42.90540541
604.7619048
35
41.66666667
100
175
48.05194805
0
200
98.31356393
36.66666667
47.40853659
0
98.79518072
300
0
38.76711832
46.79487179
2846.666667
44.83974359
0
45.03472222
0
45.03472222
0
46.39423077
44.44444444
99.96916895
4400
97.77777778
4400
1388.888889
45.7628524
6560
47.02702703
0
43.125
133.1818182
98.88888889
2220
98.27586207
98.21428571
97.33333333
3650
0
47.22222222
98.78378378
0
7200
99.5890411
1261.111111
46.32653061
733.3333333
172
47.79411765
733.3333333
44
733.3333333
172
47.79411765
733.3333333
172
0
172
0
172
47.79411765
1400
47.89865872
0
507.9787234
99.56255468
28830.06993
45.95082703
0
98.26839827
5757.142857
0
0
1932.729881
46.75466793
1300.701992
46.43036133
207.8446731
0
700
380
337.8947368
99.52423878
233.3333333
35
233.3333333
35
233.3333333
35
326.6666667
38.28125
326.6666667
38.28125
326.6666667
38.28125
233.3333333
0
0
35
233.3333333
35
233.3333333
37.5
97.82608696
98.35164835
99.74362611
10500
0
0
48.14814815
10765.7337
47.69918896
40
2371.680672
39.73370618
510.8374384
41.12903226
0
45.33799534
725
46.96969697
6900
46.07142857
341
0
0
97.71232485
700
446.40625
0
214.88006
0
0
0
0
45.62198068
600
42.85714286
1000
45.45454545
3800
97.43589744
1042.068966
45.62198068
1042.068966
45.62198068
300
37.5
3330.177515
97.08469898
100
0
1700
47.22222222
1064
45.70446735
1072
45.7337884
5914.814815
0
40.51629551
44.39536424
774.3944228
41.62162162
0
774.3944228
44.28175676
0
41.66666667
99.46998755
891.6666667
44.95798319
98.27586207
44.05241935
5980
98.35526316
287.5
132.2580645
44.79166667
43.33333333
650
43.33333333
650
39.13043478
45
0
8600
98.85057471
11500
98.27586207
0
97.35449119
2177.807487
0
0
494.9871887
44.50883038
0
39.16666667
3828.445474
97.40688373
0
96.80851064
97.17695257
45.65217391
0
38270.0495
46.45810262
2180.645167
47.80763791
40.34236076
417.7248677
157.5370465
0
194.3280531
0
727.7976495
97.77777778
443.6111111
0
0
100
292.5
98.40764331
0
4114.285714
97.62711864
99.17012448
100
0
100
0
0
44.45952058
47.27272727
1733.333333
47.27272727
1733.333333
287.5
37.90322581
113.3333333
0
6300
97.1875
5600
98.24561404
100
0
6800
98.55072464
800
44.44444444
1300
4400
98.88888889
20400
99.51219512
200
47.05882353
2900
43.33333333
37.5
42.85714286
0
0
8700
98.86363636
98.7804878
99.49238579
8900
98.88888889
37.5
0
8700
98.86363636
42.94117647
0
38.28125
860
44.79166667
3281.21547
48.19636314
36.33540373
265.9090909
37.57763975
311.25
0
48.02158273
3063.636364
96.83908046
9000
180
98.9010989
98.32380952
98.25174825
5620
500
98.07692308
0
8700
98.86363636
8243.75
0
46.31256952
0
0
3829.399368
98.93961741
374.7252747
0
0
1146.65404
45.98926419
41.08796296
461.038961
0
0
206.25
0
155.2083333
0
98.27586207
308.3333333
150
47.69230769
0
344.4444444
0
0
5142.105263
98.09236948
0
0
0
0
0
48.30395299
4880
97.99196787
0
0
0
0
0
97.89473684
100
3385
97.13055954
3100
96.875
38.75
0
0
0
0
0
1050.684932
45.6547619
146.5753425
0
96.66666667
96.66666667
98.88888889
662.5
43.85245902
113.3333333
0
5233.333333
98.125
860
44.79166667
0
5400
98.18181818
98.27586207
965.2244435
98.81622223
0
0
212.3595506
48.02158273
3063.636364
96.83908046
15500
99.03846154
10400
98.94179894
2930
96.69966997
0
0
98.7804878
1500
44.28571429
8600
98.85057471
46.59090909
44.11764706
45.3125
9400
99.22807018
4304.545455
45.63467492
1699.054374
47.22076216
526.8058839
42.02304872
0
44.94047619
0
0
0
0
14250
0
45.75807788
0
0
9680.859917
98.24730573
46.8808115
0
10308.68538
98.39823218
98.96405263
1466.666667
46.80851064
43.75
700
98.13278008
3944.444444
97.52747253
45
0
205.4545455
47.91666667
0
100
9100
99.86413043
700
98.20872929
36.66666667
2484.914596
0
3312.5
43.33333333
98.60966953
0
41.57497545
96.79633028
0
494
0
0
0
47.39130435
0
0
100
4167.123288
0
46.69715447
4773.846154
37.87878788
45.76822917
15666.15385
99.3657299
133.8461538
0
569.8039216
42.53512881
569.8039216
44.22361158
0
470.6031746
43.21937243
0
569.8039216
42.53512881
569.8039216
44.22361158
0
498.6904762
0
0
41.64843905
40.47619048
0
498.6904762
41.64843905
40.47619048
232.2291022
38.91063275
350.8823529
38.91063275
350.8823529
0
592.0454545
44.79802956
0
0
0
382.1428571
0
40.27777778
42.85714286
25569.23077
99.61042853
26180
37.56976154
46.42857143
39.28571429
366.6666667
1502.857143
46.88057041
245
48.14814815
97.01696438
0
0
99.51910232
21837.5
0
2004.504505
47.62414384
48.00685976
0
0
4676.923077
97.90660225
41.91176471
40.90909091
0
6263.636364
98.42857143
0
0
0
44.41988912
102.4096386
0
5639.759036
98.25776658
96.882494
3469.230769
1400
0
98.4375
580.5555556
37.60204082
0
375.2
0
0
5202.793448
97.45281974
0
0
0
0
0
2029.166667
47.65166341
0
0
0
46.1214539
780.4571429
45.42445483
0
193.75
240.4255319
35.3125
47.73049645
2103.125
208.6524823
0
536.1054767
41.57366071
0
44.87179487
1736
43.73638344
6095.652174
43.55789474
0
494.1901408
41.11111111
38.88888889
0
4907.407407
98.00295858
46.52777778
1340
46.52777778
0
0
0
0
43.51351351
733.3333333
100
0
97.43589744
4900
6900
98.57142857
0
0
0
849.6230159
96.8575667
0
0
0
0
0
97.22222222
3900
470
42.10526316
41.66666667
142.4242424
0
6748.484848
98.53982301
48.21428571
3766.666667
1000
0
0
0
0
45
1533.333333
47.70408163
0
98.50993902
0
6305
99.60967994
14112
97.36138475
7900
98.33333333
40
1070
0
0
3664.600551
47.41008379
98.66666667
42.85714286
41.66666667
415.2542373
99.67105263
300
41.00642398
37.8968254
1493.442623
46.86213992
883.6065574
44.72
2326.136364
96.91176471
40.47619048
166.6666667
125
0
98.46153846
98.88888889
42.85714286
5400
98.18181818
0
0
0
1066.666667
0
97.25375934
47.5
2733.333333
22305.49188
44.97992226
47.77732951
1911.764706
187.7192982
0
47.77732951
48.23529412
63205.55556
99.84203598
63205.55556
99.84203598
63205.55556
98.52941176
2700
98.21428571
5100
46.15384615
0
0
98.93617021
100
0
266.6666667
96.96969697
0
0
4353.125
97.89473684
0
3724
97.38493724
0
0
40.90909091
4800
97.95918367
8266.412214
97.55968674
0
44.80519481
400
0
1139.072165
47.57883351
0
3540
43.47527473
39.47368421
6460
99.3902439
400
40
1100
891.257732
45.96472252
0
100
46.875
400
40
7900
98.75
1300
4200
97.6744186
6400
98.46153846
700
0
98.26490815
0
44.6969697
842.8571429
1013.636364
45.51020408
191.6666667
0
934.0909091
98.07692308
402.8571429
433.3333333
98.27586207
98.71794872
9775.776398
1012.5
36.21722846
46.15036232
35.88235294
254.1666667
0
267.5
97.95918367
46.42857143
37.5
0
97.05882353
15712.5
97.8972332
5191.353383
97.42451155
0
1164.197531
45.45898438
45.69892473
1158.888889
46.0282436
1158.888889
46.0282436
1158.888889
46.0282436
1158.888889
46.0282436
1158.888889
0
0
45.69892473
1062.5
45.69892473
99.09842562
306.993007
40.54982818
0
42.85714286
511.1111111
650
43.33333333
46.76832268
97.27891156
0
46.91272254
0
47.2239047
98.54077253
43.46052632
2888.461538
40.24024024
0
40
18900
99.47368421
337.5
0
98.24561404
5150
98.0952381
926.6666667
45.12987013
926.6666667
45.12987013
954.2857143
42.88617886
602.8571429
42.88617886
602.8571429
0
41.83673469
43.75
0
0
0
40.625
0
0
2078.796343
96.87066584
3557.142857
0
45.76822917
47.9338843
40
300
0
4372.049689
97.5
0
46.42857143
700
36.66666667
150
5876.744186
339.4811933
99.74619289
300
37.5
835
44.65240642
835
0
133.75
38.77005348
252.3809524
0
0
150
0
25500
98.2421875
43.75
6600
46.64179104
1411.111111
46.69117647
0
0
0
99.64835165
12700
47.03776042
40.78947368
42.85714286
98.4375
3250
98.50746269
43.19727891
98.51941921
46.15384615
26700
0
48.13432836
45.52238806
39.0625
38.0952381
3320
97.07602339
44.48529412
8400
47.35294118
5300
98.14814815
97.73333333
44.11764706
750
223.5294118
0
0
99.13305415
566.6666667
0
0
7960.606061
48.19741662
0
139.7435897
1047.058824
45.64102564
0
0
220
241.8803419
47.5
7100
0
1361.406501
48.01438839
36.15384615
98.95229186
45
900
45
900
45
900
45
900
920
0
743.75
43.67901235
900
46.25
0
0
2409.52381
39.87191651
237.5
99.30555556
1900
900
0
38.625
0
147.6190476
900
97.30769231
900
97.5
6900
35.5952381
371.4285714
96.96969697
4900
41.775
1766.666667
47.32142857
900
48
900
0
43.33132148
126.4567799
0
45.08376589
126.4567799
0
37.12121212
46.02272727
300
102.5
640.7407407
43.25
0
46.2962963
10733.33333
43.76923077
0
480.5724589
0
0
45.32828283
37.99019608
99.22375266
46
29400
99.83050847
400
8268.75
45.39233
156.4102564
0
0
38.76757813
96.96969697
40.84668192
0
0
455.5555556
0
0
0
46.28667387
130.7692308
0
44.80412371
0
41.66666667
0
46.74940898
990.9090909
0
392.3076923
37.625
45.45454545
97.43457114
1560
0
0
45.45454545
0
0
45.09803922
8900
44.88888889
0
309.731114
40.58125
900
45
45.37404177
44.3627451
36.95652174
1000
0
900
45
900
45
0
0
150
200
0
0
99.10076043
768.9655172
44.24603175
4075.212718
97.60491245
10965.84781
99.61437737
142.4242424
0
142.4242424
0
142.4242424
0
134.3434343
0
134.3434343
0
142.4242424
0
142.4242424
0
242.6573427
35.40816327
225
0
242.6573427
35.40816327
134.3434343
0
225
0
142.4242424
0
142.4242424
0
98.70753525
0
47.77777778
440
0
0
0
275
98.88888889
98.93004723
0
98.88888889
42.59259259
150
98.9010989
3733.333333
43.47826087
40
39.74358974
42.38095238
162.1259653
46.25316456
738.0165289
0
43.70833333
0
99.33687003
150
500
0
98.88888889
40
400
0
0
41.51721664
38.37209302
0
43.33333333
650
43.33333333
650
41.66666667
300
47.5
875
44.87179487
97.20730397
275
43.33333333
98.38709677
1900
0
0
0
36.77248677
48.11812391
43.69968085
350.4056616
0
0
552.3076923
103.7735849
99.76851852
9136.8
98.91737398
6530
35.99684629
39.90208078
395.1515152
126.1933905
45.79490749
41.65229885
912.0481928
98.85057471
38.18263988
44.96196328
0
0
48.11812391
2556.923077
48.11812391
98.85057471
97.98657718
0
3250
128.358209
98.20261438
900
45
0
36.66666667
275
36.66666667
275
36.66666667
100
1650
171.4285714
98.94736842
275
36.66666667
175
0
175
0
0
40.66445707
41.75824176
650
36.66666667
1127.692308
7671.714202
99.2873069
42.64705882
112.5
225.3781513
3860.12446
46.82266435
97.12643678
27100
43.44040248
98.87905605
1850
357.4898785
40.34950151
0
0
0
41.01123596
457.5657895
628.6135693
41.01538462
278.8527397
36.59402744
1134.587598
45.17798704
0
135.4347826
0
135.4347826
721.1757464
247.8448276
99.87608426
15685.19553
99.36649502
16400
46.36363636
1225
0
281.3169388
0
97.86585366
742.4489796
0
43.19880419
635.1648352
43.19880419
742.4489796
44.06492248
635.1648352
43.19880419
635.1648352
43.19880419
635.1648352
43.19880419
635.1648352
0
99.16666667
62462.5
44.32033321
46.66666667
1400
433.3333333
40.625
2184.615385
42.34006734
44.44444444
567.0993746
0
5089.473684
98.94892126
0
0
99.96343693
17654.28571
111.818038
45.21362899
35.41666667
113296.3759
0
0
0
219.5691203
0
0
540.9399006
42.19895657
0
0
0
0
542.1657096
42.21384773
0
580.7893677
42.19711311
0
0
1040.837495
45.51623114
567.0993746
0
5089.473684
98.94892126
0
0
0
8895.673077
98.88835444
419.2307692
40.37037037
1124.519231
45.91676482
0
97.22881892
1680.078125
0
0
8895.43379
98.88832487
420.5479452
40.39473684
1114.611872
45.88345865
0
8392.857143
98.82253995
392.8571429
39.85507246
1050
45.65217391
47.00325733
44030.43478
99.00582176
36.06539183
36.71782763
191.1111111
18022.1374
99.0547599
335.9375
45.48611111
335.9375
45.48611111
98.11398109
6088.495575
0
45
0
0
319.3548387
130.7692308
37.27272727
10186.30952
99.02783404
0
1450
46.77419355
0
0
29878.26087
99.02683104
98.66868448
360
31421.73913
98.98432602
38.93357616
0
32122.22222
98.98432602
47.09582944
0
8020
98.79086431
98.07692308
567.0993746
0
5089.473684
98.94892126
98.6013986
45
41.93548387
0
0
45.0044029
0
46.01293103
7776.54321
98.88857224
98.27586207
98.16743325
0
390.9090909
39.81481481
1045.454545
45.63492063
39.45746624
0
26453.19149
98.85022385
401.7699115
40.03527337
1070.79646
45.72940287
335.9375
45.48611111
335.9375
45.48611111
45
567.0993746
0
5089.473684
98.94892126
567.0993746
0
5089.473684
98.94892126
45
45
35.04647047
5229.72973
98.94892126
35.04647047
5229.72973
98.94892126
0
0
322.2222222
0
0
200
0
0
98.42883549
0
0
97.06515166
736.587963
97.21089301
0
44.79166667
3085
0
517.868198
97.81076772
2013.548387
0
379.3827411
35.56444637
0
119.7514716
463.8664819
45.6676674
518.0555556
40.20585171
2011.85948
98.64194203
42.10526316
14806.66667
0
0
1591.286989
99.86705586
2642.826667
0
48.01942684
2468.57971
97.92362553
4716.086957
97.92362553
107263.5438
37.17948718
0
97.43589744
3900
0
2579.487179
45.0877193
0
39.27536232
0
156.6666667
35.38961039
45.83333333
0
113.4646962
0
885.2216749
41.64285714
180.8641975
0
138.2133995
96.66666667
41.55011655
0
0
6857.692308
48.14262023
0
0
0
43.33333333
36.60714286
45.83333333
77900
98.46153846
116.6666667
48.07692308
2500
48.07692308
2500
0
0
47.41935484
1700
0
40.78341014
300
0
836.8686869
41.02425876
0
0
285.3624696
37.02520252
111.143695
35.18518519
35.9375
0
0
301.025641
35.54686693
42.86764706
46.56357388
10100
0
99.79101358
242032.1429
39.46856056
41.42156863
665.7142857
43.47014925
0
2111.297331
98.50138483
776.6233766
0
97.22222222
45.77464789
97.73419469
2198.387097
47.8245614
97.68491365
2185.714286
47.8125
98.46153846
0
98.79032258
0
0
1000
0
14681.95251
0
97.87234043
0
0
10576.96203
47.8160284
47.6104467
45.23809524
173.125
40.84668192
446.25
266.1327231
36.34375
45.72845156
6671.428571
37.8164557
0
0
41.74311927
613.9393939
42.99660441
613.9393939
42.99660441
505.5555556
41.74311927
613.9393939
42.99660441
613.9393939
0
0
188.3597884
0
188.3597884
0
0
47.87439614
0
321.875
0
0
1679.166667
45.78454333
0
306.4516129
37.6984127
2285.765306
47.42122843
0
0
3090.416517
44.63250581
0
123.6024845
0
0
0
0
283.3333333
36.95652174
585.7142857
42.70833333
1416.666667
98.9010989
0
0
17060
98.83449883
43.75
36.66666667
275
36.66666667
275
36.66666667
275
0
43.75
0
43.75
114.2857143
99.60058581
5600
487.6315789
98.27586207
0
0
41.23683265
0
44.02938939
0
598.4126984
38.63636364
0
97.35449735
3680
98.82352941
541.9753086
48.21428571
5675
98.7012987
96.66666667
2900
6433.333333
99.48979592
200
0
200
0
200
0
200
0
200
0
200
0
200
0
300
37.5
300
37.5
300
37.5
200
0
300
37.5
200
0
200
0
98.73378528
0
0
99.96807087
5668.75
0
37.31884058
393.75
0
4456.763285
97.06122449
0
1025
45.55555556
98.75
7781.818182
98.73125721
291700.6431
99.96573003
7900
0
99.16666667
7900
98.75
8900
133.3333333
238.4976526
99.87938012
13845.10309
0
99.8139881
29700
99.86577181
150
25500
99.609375
200
522.2222222
3403.571429
46.33027523
0
0
48.0286215
300
553.1578947
328.6865431
0
48.21428571
0
787.0114087
98.65787951
764.2045455
97.58930528
4048.181818
0
98.9539749
74780
99.86645299
8267.272727
48.20730117
10326.66667
97.44245524
945.9090909
45.2194698
2450
45.97069597
43.18181818
250
36.66666667
10120
97.84735812
98.93116717
6600
44.02985075
47.34126984
0
2937.037037
47.74390244
0
100.4371585
0
100.4371585
0
45.60546875
0
650
47.43133768
36.43092105
39.33333333
48.31153516
1700
97.77777778
0
11900
45
4900
44.17628205
39.53219593
0
0
0
0
0
0
0
46.66666667
250
35.71428571
3983.333333
97.55102041
3983.333333
97.71373501
471.1976628
98.24929256
10740.0719
0
98.52195946
7900
99.64285714
0
8700
98.86363636
8700
99.43181818
8700
0
150
543.902439
766.6736022
44.16525648
98.87640449
6533.333333
99.74874372
500
100
45.83333333
500
41.66666667
18087.05036
96.70094937
157.1428571
0
1116.666667
365.2631579
0
98.46153846
6003.305556
0
41.01123596
462.4609375
44.16626155
728.4688013
261.3474387
36.06163614
0
0
0
47.96407807
35.04435189
234.5342523
0
0
0
48.30508475
0
38.61216414
339.0649867
99.38356444
14015.78947
0
46.58246728
1363.043785
99.71520561
700
170
150
99.25925926
49564.2487
0
37.51045799
0
179.221876
0
0
0
5200
98.82075472
8380
98.11320755
458.4045584
97.95918367
480
0
0
37.5
0
331.6666667
42.27799228
98.88888889
100
0
98.30508475
98.30508475
46.15384615
46.15384615
98.38799678
1790
47.35449735
38.03009576
46.42857143
100
0
0
98.63013699
0
0
0
1214.393939
96.72255698
436.3709033
40.74515648
46.40685462
103.0769231
99.24242424
4900
0
0
0
37.25490196
98.87640449
8800
98.87640449
8800
97.5
47.72727273
7400
877.7777778
48.02272727
0
40.625
41.37931034
47.09302326
40
150
0
0
46.66666667
0
0
703.5714286
96.66666667
0
0
0
0
200
0
0
41.66666667
300
43.21059314
0
133.3333333
44.2680776
105.0213675
98.74934862
400
40
100
15850
99.68652038
100
250
6757.142857
98.54166667
328.5714286
38.33333333
0
43.75
70900
99.85915493
17166.66667
44.57046332
47.33333333
17166.66667
99.42084942
1775
47.33333333
17166.66667
45.4753861
1005.066667
45.4753861
1005.066667
98.27586207
47.22222222
0
48.0620155
292.7272727
37.26851852
365.8181818
39.3852459
0
45
300
0
133.3333333
37.61904762
1342.307692
46.53333333
99.01156725
0
0
1072.368421
45.73512907
98.78116833
167.8571429
0
43.30357143
646.6666667
0
0
0
1006.451613
39.11564626
0
148.8888889
0
43.33333333
0
786.5490473
44.36015411
500
0
48.09322034
0
44.44444444
0
44.63276836
98.92473118
97.98657718
3415.891473
97.47179657
98.36021505
112.244898
0
0
1340
46.52777778
98.88888889
98.8851728
0
44.44444444
800
36.07142857
99.79701008
40
3650
98.28738513
1471.022727
46.81735986
686.25
43.64069952
0
220
0
1400
0
42.85714286
0
0
96.96969697
38.06999329
38.47222222
39.67297762
47.82608696
47.91666667
46.45220475
170.9677419
0
98.38709677
6200
96.82539683
0
990
112.8440367
0
395.412844
99.26205182
6600
37.5
813.4328358
47.87581699
0
99.78632479
5100
98.07692308
6968.75
35.83057118
44.33210784
694.5945946
98.97959184
700
223.75
0
99.7260274
2566.666667
48.125
14158.33333
0
0
780.66605
43.42320261
0
48.15897769
2615.882353
48.15897769
2583.333333
48.13664596
2583.333333
48.13664596
2583.333333
48.13664596
2615.882353
48.15897769
2583.333333
0
48.15897769
2615.882353
48.15897769
48.07692308
7667.020592
98.6205411
41.11111111
462.5
126.6666667
0
0
99.78723404
58300
96.83219178
121.6216216
46.95121951
540
42.1875
540
0
43.24324324
640
43.24324324
98.27586207
98.93617021
185.7142857
36.875
900
3478.077803
99.7646487
170
16583.33333
99.97779998
9000
98.9010989
81800
44.44444444
2371.167211
99.76653823
547.6190476
266.7279412
98.39598997
6134.375
47.59398496
716.6666667
154.4642857
96.84466019
1961.538462
46.39303483
0
0
0
0
38.94230769
0
38.94230769
0
19400
0
0
0
106.637688
0
99.10714286
8800
98.87640449
100
0
200
1766.666667
47.32142857
47.5
0
250
0
46.94444444
104.5454545
0
104.5454545
0
104.5454545
0
104.5454545
0
175.7575758
0
0
0
175.7575758
47.10144928
884.8484848
48.07692308
100
0
100
0
5866.666667
47.48603352
0
0
0
4880
97.99196787
33080
99.69861362
1000
46.36363636
0
0
0
0
1175
40.625
0
45.52664053
0
0
47.86324786
130234.6154
99.07929294
8505.591398
97.50162435
1341.860465
46.53225806
0
45.72649573
1070
643.5897436
43.27586207
0
1711.155914
47.2393321
1008.870968
99.33333333
1252.727273
46.30376344
11122.5625
97.92085512
495.1785714
41.59915992
2257.142857
0
97.91013584
287.9472554
37.0441423
0
200
0
38.58858859
587.5
0
0
100
0
5400
98.18181818
0
100
0
5400
98.18181818
45
4600
97.87234043
98.25581395
3566.666667
97.27272727
0
100
0
5400
98.18181818
0
0
1962.5
0
0
0
0
0
2847.368421
48.30357143
0
0
40
40
0
0
0
0
0
189.5927602
0
3890.066694
48.31987923
36.50051921
201.1538462
0
0
99.94579946
148366.2577
0
97.63344051
633.8916179
46.52870494
807.3777778
240.9090909
35.33333333
1969.26018
99.68044324
1506.27451
46.88720703
1506.27451
453.3854167
98.875
855.5555556
98.66190901
7650
96.77419355
0
97.69911504
198.0769231
0
174.0384615
0
1792.664165
0
0
700
0
48.07692308
99.28088166
404.1666667
161.8181818
0
45.625
36.26373626
0
43.43608146
0
799.0136364
48.2303838
590.0468384
0
0
39.83681058
245.8333333
36.74698795
0
47.71213074
0
535.6304985
0
164.1025641
0
99.65277778
12140
45.75163399
45.19230769
23300
46.41025641
0
46.99519231
17180
44.72222222
426.3157895
40.5
0
0
42.5
52859.03107
99.76921364
13129.09091
0
46.31812454
41.81818182
8165.109101
98.79009462
511.1111111
41.81818182
12492.59259
0
0
46.04247104
1158.448047
0
0
0
46.04789975
1165.150094
0
38.22925116
0
762.0756173
99.93287089
6500
47.97979798
250
0
338.2205029
38.59021893
97.57575758
135326.2238
0
0
46.81437126
0
3799.713631
99.9287697
860
44.79166667
1160
46.03174603
1160
46.03174603
1100
45.83333333
1160
46.03174603
700
125
38.88888889
40.625
0
0
100
0
43.82716049
199096.6038
99.69879005
41.66666667
350
433.3333333
37.5
4300
35.22727273
46.15384615
8700
97.72727273
3502.260274
0
0
0
0
45.59164762
1034.210599
0
786.8544287
0
170.7723516
0
0
0
112.9537622
0
0
155.8379132
0
36.74845799
263.7058436
0
99.71291866
34196.42857
47.32722413
2354.545455
47.4537037
1121.818182
0
250.3618134
0
40.30501089
895.3079484
44.61155502
6764.219467
43.87673638
0
472.2352941
39.58333333
37.36842105
43.97590361
900
46.25
2000.136054
47.24885549
0
147.6190476
0
147.6190476
98.18181818
300
98.70591017
0
233.8461538
35.02304147
1935.384615
46.77579365
146.1538462
0
11717.01978
98.25024215
1328.571429
46.5
796.6600529
99.55744053
7100
41.81547619
341.2121212
0
0
148.8888889
0
99.8723131
100
308.3333333
230.6122449
0
926.6666667
99.85883682
97.89473684
757.1428571
933.3333333
0
48.14814815
6009.090909
98.36309524
37.5
2133.636364
43.28449328
0
2133.636364
47.76149776
200
0
2133.636364
0
179.2045455
0
179.2045455
99.84297338
23900
0
361.5384615
98.52380952
119.3548387
0
150
0
3426.666667
43.62003781
0
0
400
40
100
0
300
37.5
0
0
36.20289855
0
0
0
824.2857143
39.91499227
0
0
100
0
97.14285714
3400
809.4581281
35.17955801
0
135.875
600
42.85714286
100
0
0
0
0
0
0
0
0
0
300
0
100
38.88888889
0
0
306.25
43.84615385
216.6666667
0
97.19400097
2778.571429
45.03390715
44.44444444
0
38.88888889
0
37.5
0
0
38.88888889
725
37.14285714
96.96969697
150
0
0
100
0
300
47.72727273
47.09302326
1100
0
98.41269841
0
180.4761905
45.92529711
96.875
30581.39535
0
0
0
0
0
96.875
300
47.13740458
753.3333333
45.703125
96.85314685
0
0
0
192.2077922
0
43.47129117
0
46.25
100
0
0
500
0
300
0
35
233.3333333
0
38.88888889
0
0
0
45.22727273
43.75
100
700
43.75
0
255.5555556
0
200
0
940
47.59615385
380
39.58333333
700
0
38.63636364
340
38.63636364
360
40
540
97.5
525
0
1850
41.34615385
0
47.5086835
46
168.3333333
41.58902692
319.010989
0
35.11160714
150
40
96.96969697
97.05882353
0
0
0
40
98.36065574
250
43213.04348
99.67017524
0
25900
46.92307692
0
163.2142857
0
0
98.90988372
5766.666667
98.29545455
99.6126176
460
41.07142857
40
400
40
400
40
400
40
2983.333333
0
0
41.89189189
516.6666667
41.89189189
516.6666667
980
35.40998932
43.1655225
5257.142857
98.13333333
0
37.5
460
41.07142857
460
0
0
2212.5
47.83783784
8328.571429
97.21927966
98.47619048
6300
98.4375
17400
97.14285714
1212.5
46.19047619
1212.5
46.19047619
2450
2729.803922
97.39355084
0
286.7403315
0
97.01492537
2220
40.3825431
3371.148459
97.1191091
1322.969188
46.48622047
505.0420168
261.8518519
0
45.86805556
38.79551821
346.25
38.79551821
0
99.85074627
5400
36.76470588
24275
98.46153846
0
0
44.54545455
816.6666667
44.54545455
816.6666667
0
38.75
5900
97.35449735
740
650.4058442
47.65751758
0
7600
0
97.17514124
47
1566.666667
47
1566.666667
230
0
2870
0
107.3316283
38.125
44.73684211
45.83333333
700
2187.5
98.90710383
0
23900
46.25
172.6495726
41.84952978
1275
46.36363636
10653.27273
99.76751264
2642.307692
47.26507714
0
2642.307692
48.17671809
0
0
2642.307692
42.70687237
585.5769231
42.70687237
585.5769231
38.31291087
0
46.47727273
609.6774194
98.05068226
2060
45.92592593
0
38
0
38
97.91666667
0
0
0
97.88149351
1080.076628
41.93506494
0
11462.85342
99.13516157
2070.686456
47.6965812
0
669.7580645
43.50445259
669.7580645
185.8379169
0
46.7522263
37.5
5620
44.75524476
0
1274.567972
0
0
44.61287313
335.0649351
527.2636816
99.77791878
471.4285714
5439.831288
47.51797496
181.8181818
0
0
0
41.75219941
506.2222222
41.75219941
506.2222222
47.80058651
2173.333333
47.80058651
2173.333333
46.88488683
35.49107143
174.6153846
0
0
145980
48.10810811
1195.238095
47.61029412
0
450
0
0
48.2686363
0
37.35632184
250
46.1038961
1183.333333
1267.300249
47.08323374
98.37177748
6041.666667
98.37177748
96.66666667
46.63281386
303.4188034
99.57627119
14750
98.98989899
922.7272727
154.2222222
0
0
1528.92562
99.74632166
2320
47.9338843
14300
47.22222222
96.66666667
42.95774648
45
0
35.57692308
3200
98.48484848
98.90251055
10585.47419
98.83018762
780
0
867.7419355
44.83333333
37.90322581
406.6666667
906.5789474
45.94771242
41.93548387
520
41.93548387
98.18181818
99.39944631
6500
98.48484848
13760
47.64309764
98.27586207
0
48.0620155
3404.761905
43.47826087
41.66666667
47.72970707
47.98109966
18100
98.3974359
13550
98.53479853
2100
45.73863636
593.3333333
42.78846154
2833.333333
48.29545455
4700
0
97.87234043
100
0
209.5480138
46.7100894
0
0
0
97.08333333
3328.571429
97.08333333
98.82352941
2516.541353
98.06896552
12757.14286
97.77777778
1064.285714
48.1595092
41.66666667
300
0
0
37.5
300
0
145226.2857
98.86462384
0
48.15270936
0
47.21311475
311.7647059
0
47.10682493
97.8956229
140
44.79166667
2556.923077
48.11812391
140
0
2433.333333
48.02631579
98.21428571
98.52941176
42.80248655
44.36646255
35.95317726
353.125
38.96551724
353.125
38.96551724
1462.5
3472.04
96.95412145
97.5
0
340
97.15909091
3900
44
200
0
35.11904762
35.77272727
47.95972443
2350.649351
47.95972443
2350.649351
0
97.2826087
97.8709675
99.89754742
8300
1089.927184
98.12413492
10488.23529
98.88888889
97.84482759
99.91569736
1775
47.97979798
11177.77778
0
634.375
98.93617021
43.5504628
48.21428571
48
20400
98.7804878
99.56521739
19800
99.49748744
48.23529412
0
0
0
97.37631184
36.66666667
11566.66667
41.9
44.70899471
4488
36.92240628
0
1804.761905
47.375
0
0
47.35449735
1790
99.18367347
1433.333333
43.47826087
5775
97.87234043
99.90418871
2150
45.56702064
0
0
0
0
0
1100
98.93617021
0
128.5714286
0
39.28571429
357.9843225
39.08259573
350
98.04964539
0
47.15631642
9631.924883
98.56143567
5032.230576
98.97937258
30663.63636
0
96.700491
43.87779014
0
0
42.67673049
13400
0
97.96803951
99.07894737
3900
0
0
36.11111111
43.86442007
0
36.328125
22450
0
0
47.22222222
588.8747616
98.32502769
42.01228879
0
150
0
37.5
400
0
46.79878049
15011.11111
38.23529412
99.95617647
208344.4444
47.52665245
40.90786638
0
47.91666667
33650
99.20987654
37.5
972.7083333
44.17362595
0
0
0
197.1428571
41.58653846
494.2857143
0
35.75949367
2556.875
97.36532581
239.2857143
36.31578947
3772.281167
97.4175429
99.77876106
359900
98.95833333
148.6772487
98.29787234
0
48.10357414
1100
47.10771277
98.54483817
0
2753.603604
99.33405683
634.2222222
42.67554479
734.7107438
44.43069307
0
0
174.1814429
0
0
0
0
98.2421875
1160.740741
45.05
260.6060606
236.1344538
98.79931389
96.96969697
900
233.3333333
42.5
566.6666667
5145.062027
98.82740826
3102.933985
97.4980916
47.72727273
47.72727273
47.72727273
806.1337341
99.03013393
6114.039125
97.98333333
159243.9883
36.17378024
97.87234043
0
99.99094744
112900
180.420354
99.40828402
7628
98.70600414
113.3333333
0
3526.666667
39.88970588
35.45454545
385.625
1881.981982
48.21428571
38.61192686
0
47.04268293
477.3195876
41.33928571
765.9793814
44.60565476
562.0689655
42.44791667
2914.818032
98.04795599
0
0
0
6680.116959
45.16991547
114.2857143
37.36111111
1007.692308
45.55600649
0
1677.834144
47.33420774
0
48.26388889
0
48.08510638
34252.85714
0
44.56521739
0
440
0
2900
0
35.26785714
895.6709957
97.56521739
99.69729399
300
191.6666667
45.71428571
200
100
98.12392796
47.14285714
3900
0
45.87912088
0
0
0
0
0
35
47.76785714
1260
98.71929825
65525
98.48888889
638.1803616
45.35891718
0
35.96
7592.307692
99.81481481
1925
650
0
39.65517241
600
0
40.46104928
530
97.89473684
0
0
41.9047619
48.28431373
1928.571429
46.83098592
0
0
38.88888889
0
0
395.2380952
417.6282051
0
0
0
99.35483871
562.5
1804.761905
47.5
42.85714286
18100
98.9010989
0
42.85714286
0
98.21428571
99.97113334
3900
0
46.85534591
98.29059829
98.08510638
1900
2916.428571
35.08169548
3333.333333
97.08737864
0
0
0
3471.428571
97.2
0
0
44.39102564
0
97.11741529
15885.30762
99.0502451
4835.483871
97.97385621
15885.30762
99.0502451
4835.483871
97.97385621
7104.502814
98.99305556
6417.241379
97.93650794
9500
98.97762346
4484.90566
97.81893004
4056.036578
99.04411765
5092.307692
97.96825397
13141.37931
99.04761905
6735.9375
98.00380952
8142.424242
99.00568182
4614.285714
97.87878788
5458.312655
98.99305556
4555.172414
97.85185185
5391.205491
99.01855469
16218.40796
98.06097561
8891.735537
99.0162037
8238.235294
98.00705467
14489.66565
99.03935185
8032.53012
98.02962963
5659.100141
99.01258681
5438.461538
97.91666667
3968.141368
98.99305556
5951.724138
97.92022792
6014.649682
99.01855469
4676.119403
97.90625
99.14383562
23900
41.66666667
100
0
4900
98
300
98.7012987
44.01913876
12674.19355
96.96969697
99.20212766
0
96.89716312
46.06651704
0
98.36690256
2600
43.98723404
1097.452229
98.29343972
99.9803619
5315.384615
42.85714286
99.98670476
3900
0
0
0
0
0
99.19354839
4100
97.61904762
129.1666667
35.45454545
243.75
35.45454545
243.75
35.45454545
243.75
35.45454545
243.75
35.45454545
243.75
35.45454545
243.75
35.45454545
243.75
35.45454545
243.75
35.45454545
243.75
35.45454545
243.75
35.45454545
243.75
35.45454545
243.75
35.45454545
243.75
35.45454545
243.75
35.45454545
243.75
35.45454545
243.75
35.45454545
725
0
42.17224097
97.02388743
124.2257651
0
0
0
0
0
47.4931026
98.99022801
9803.225806
0
386.4348255
39.61001553
1186.774321
46.11431475
0
99.4
1983.333333
98.90786517
46.81608438
6471.428571
98.55072464
1025
45
1550.793651
0
0
133.0532213
46.36363636
46.5482284
100.9225048
41.2109375
98.33333333
98.81656805
11520
0
43.75
5300
98.14814815
44.77351916
460
2900
97.07259953
10700
0
99.21568627
7154.142499
99.10726826
5209.734513
98.09583333
654.0232615
99
4587.5
97.86666667
556.1035953
98.97762346
4484.90566
97.81893004
98.96774194
48.13664596
900
0
700
4175
98.24561404
0
47.39130435
97.97979798
1775
38.23529412
34700
98.27586207
41.14667098
0
46.7
99.95179199
1775
0
0
99.85286481
1775
40.57273671
0
166.6666667
48.07345361
99.002849
1775
99.43910256
900
200
280
98.24561404
39.35634456
96.66666667
10780
98.65196078
8845.454545
98.88211382
99.09297052
44.60392442
46.96969697
1900
36.77637379
96.66666667
16220
98.87663399
10634.54545
99.06842818
40.625
97.89473684
233.3333333
200
41.66666667
500
4460
98.24561404
96.82539683
1775
97.84946237
1775
2466.666667
39.28571429
98.45559846
98.03439803
1169
97.91666667
99.97630339
44900
99.55555556
891.6666667
99.97647405
44900
46.33333333
12263.63636
98.75306373
9570.761671
98.96595528
99.98822098
5900
6700
98.20772059
6628.205128
98.51371951
99.1872141
99.55758769
99.55562171
99.98111965
5150
8776.190476
98.52467811
0
8845.454545
98.88211382
0
97.77482839
8060
98.34558824
7188.888889
98.62804878
44.85714286
98.93162393
63900
887.5
21614.28571
97.36842105
42.85714286
97.61904762
98.73417722
46.875
45.45454545
13400
43.75
97.22222222
63900
881.25
99.36305732
37.5
136700
98.24561404
97.24137931
7900
600
485.7142857
45.73170732
885.7142857
47.93478261
98.24561404
99.0990991
235.2380952
98.86363636
99.38886239
0
900
325
1279.032258
98.24561404
99.95917256
11900
833.3333333
46.42857143
99.76851852
1460
6474.495272
47.65995491
1125
43.87755102
1050
0
96.94736842
43.90243902
98.68131868
5900
0
100
45
98.24561404
99.97670058
47452.23881
97.89704959
533.3333333
98.93842887
7141.37931
97.61904762
609.5476662
98.97762346
4484.90566
97.81893004
596.5086227
98.97762346
4484.90566
97.81893004
686.8809846
99
4587.5
97.86666667
6230.668853
99.02161215
3959.701493
97.91207108
47.72727273
1265.651713
98.984375
4515.384615
97.83333333
47.72727273
682.8918274
99
4587.5
97.86666667
630.9770895
98.99305556
4555.172414
97.85185185
637.439791
99.0162037
4664.705882
97.90123457
47.72727273
47.72727273
1276.962776
99.03571429
4761.111111
97.94285714
948.3045619
99.01855469
4676.119403
97.90625
38.88888889
23450
98.93842887
99.98479086
140900
46.94444444
0
44.44444444
41.31578947
153.6405055
98.5044416
200
0
17235.89842
99.06881313
4933.898305
98.01346801
47.86931818
36.66666667
11900
99.0375
4770.12987
97.94666667
2374.758324
98.97762346
4484.90566
97.81893004
3667.728124
99.07142857
7808.653846
98.04660588
8302.051282
99.01855469
5074.129353
97.92307692
4484.90566
97.81893004
18251.80723
99.0502451
4835.483871
97.97385621
9161.595547
98.96875
4445.454545
97.8
0
4886.052999
97.99440559
9161.595547
98.96875
4445.454545
97.8
9161.595547
98.96875
4445.454545
97.8
21893.12715
99.07875
4988.195387
98.03466667
3556.986435
98.82741261
3715.309842
97.49840764
8530.945214
99.04017857
4783.72093
97.95238095
3466.04392
99.03935185
5104.819277
97.96296296
21893.12715
99.07875
4988.195387
98.03466667
45
99.66777409
5733.333333
2330
99.70934073
4833.333333
98.4
37.5
99.72222222
35900
0
97.91666667
0
98.64864865
35500
98.87640449
98.37837838
99.95008873
13400
0
406.8518519
0
0
45.03472222
39.98524027
48.14814815
250
99.9905303
100
2100
47.72727273
400
40
9745.454545
0
42.02531646
144.2857143
0
97.85539216
99.92592593
14900
0
47.05882353
0
41.56153631
97.91666667
44.43642777
35.73487032
930.3030303
47.16911765
1880.709349
47.47565184
731.1688312
43.984375
37.5
98.41269841
99.49494949
47900
43.75
0
39.02925532
0
99.99450074
211400
0
0
99.60715028
300
200
0
1400
99.66666667
1900
47.5
1900
47.5
1900
47.5
1900
47.5
1900
47.5
1900
47.5
1900
47.5
5900
98.33333333
5900
533.3333333
147.3684211
35.10638298
0
44.50549451
96.77419355
0
0
41.66666667
23450
98.93842887
98.86363636
0
0
0
43.75
650
0
471.4285714
99.78813559
400
0
36.1482146
0
39.71153846
0
0
99.94501718
19300
0
1277.990431
46.37152778
22700
698.245614
98.96978022
0
3900
97.40740741
11900
0
0
0
47.5
1733.333333
22700
45.88815789
99.78813559
400
1327.272727
98.93842887
5900
99.95199448
189900
47.84210526
23450
46.01910828
42.85714286
3900
0
3190.501792
48.3116388
1900
99.78813559
400
0
281900
98.93617021
337.8109453
98.4375
700
0
0
3900
0
48.2885238
97.22484695
6557.142857
98.92703863
99.9693456
181900
96.92307692
43.76695079
2271.428571
96.98795181
48.0561282
0
5605.128205
97.49598716
0
47.11538462
170900
98.24561404
41.63864489
43.80750177
46.76848973
5100
96.73076923
0
0
0
0
99.56896552
275900
98.09782609
139.7308782
98.7855612
42.85714286
3900
96.96558227
190.4435019
0
98.8179669
1432.432432
44.54365079
2809.090909
48.28125
1422.297297
176.9640479
48.01682692
2809.090909
48.28125
32471.42857
98.24561404
99.78813559
3650
11087.27757
39.57148726
0
650
98.05250305
8150
0
97.0212766
42.85714286
44.68085106
47.41581692
0
0
38.23529412
99.35064935
99.02097902
5100
0
0
96.96969697
28546.15385
0
36.11111111
0
45.83333333
0
0
0
0
0
0
449.131016
0
46.06643357
0
2940
0
0
97.45762712
129.1666667
629.9173554
41.0326087
544.4444444
42.24137931
1766.666667
46.42857143
0
0
346.25
0
215.3333333
0
0
327.952381
0
0
47.96425931
0
39.28571429
400
40
5000
98.03921569
19854.02299
97.66129032
35.71428571
2110
97.36048265
9500
96.875
0
35.90225564
254.6666667
528.5714286
0
0
98.93617021
0
46.53308979
97.59615385
0
60400
99.83471074
47517.78846
42.22979454
98.64864865
2634.375
540
42.63392857
353.8181818
720.5128205
97.15169271
0
98.06744913
1933.898305
46.61428571
98.16616361
0
0
43.75
0
0
45
2600
97.03703704
0
0
47.34042553
0
0
38.61111111
0
27900
48.21428571
47.11538462
37.02408224
0
96.92682927
0
5154.079254
97.96756384
99.9763202
14620
0
0
43.56725146
677.2727273
97.61904762
45.83333333
99.96356766
1900
35
700
0
6928.571429
48.08039747
1651.605184
47.14547545
0
0
0
0
48.23529412
60665.71429
99.83543352
60665.71429
506.0606061
40
31519.04762
98.79518072
2316.666667
0
38.29787234
3900
45.22727273
351.1062634
0
97.67691358
8071.900826
98.56644417
37.5
1775
99.25
0
46.14583333
22170.27027
99.5049555
25475.75758
99.37796209
47.54037267
0
43.3166249
42.1875
100
0
35
1362.222222
48.29027356
4566.666667
123.8095238
97.87234043
500
350
0
97.02380952
2476.785714
99.22383922
275
36.66666667
109.0185824
99.52721106
44.44444444
3358.823529
98.7244898
180
0
180
0
180
0
180
0
180
0
180
0
180
0
180
0
180
0
180
0
180
0
180
0
180
0
180
0
180
0
180
0
180
0
180
0
180
0
180
0
180
0
180
0
180
0
180
0
180
0
121.8566205
99.3676324
4870.568182
98.74259848
180
0
180
0
180
0
180
0
180
0
180
0
180
0
180
0
180
0
180
0
180
0
180
0
180
0
180
0
180
0
180
0
180
0
180
0
180
0
180
0
180
0
180
0
180
0
0
6130.769231
48.14814815
400
2380
99.19354839
40
97.61904762
98.80952381
1400
98.43960839
2257.142857
96.96969697
96.77224652
0
99.46902655
35.29411765
96.77419355
41.60839161
100
46.2962963
0
100
47.0703125
0
48.14814815
926.6666667
0
41.31944444
584.4444444
100
97.22222222
48.19444444
0
45.48611111
208.5714286
0
46.42857143
41.34615385
0
203.5714286
0
99.7972973
566.6666667
0
0
42.5
2600
0
98.125
98.33333333
300
98.125
37.5
100
46.84027778
96.66666667
98.33333333
46.66666667
0
100
47.08333333
0
96.875
500
98.14814815
40.27777778
46.25
97.42326639
37.30409505
433.3333333
48.30241187
44.39842477
0
0
0
0
0
0
0
566.6666667
0
0
0
40
47.22222222
0
0
47.22222222
0
0
0
0
0
98.94957983
0
0
48.18590754
47.50614731
40.47619048
98.85452463
0
0
0
200
98.72340426
99.20212766
2720
0
97.83687943
46.40040916
1846.288156
0
97.10104843
2324.514247
36.53846154
37.5
96.93515704
0
98.25
98.93617021
98.93617021
99.23861733
98.65263158
2837.5
48.00531915
0
47.95212766
37.36637512
47.42211246
97.90871067
98.93617021
98.98989899
47.47474747
1780
97.87234043
43.75
98.56382979
132.5786816
98.67678861
98.93617021
0
47.85904255
98.93617021
98.63864137
99.30603891
40.75797872
47.30798165
156.4102564
45.03472222
0
97.61012301
98.36065574
40
47.20744681
45.8104105
455.5555556
48.01628989
41.6
45.21276596
47.72701943
130.7692308
43.69582348
98.81144534
98.66356383
98.93617021
37.76511714
0
44.83290934
98.93617021
0
97.36702128
98.93617021
0
0
47.22813239
98.93617021
0
48.25918762
8900
98.91252955
3002025
0
97.99601064
98.93617021
98.93617021
40.10989011
100
48.10030395
98.93617021
98.93617021
98.96907216
0
48.1443299
1988.888889
0
45.65178142
2052.941176
47.67759563
0
43.24657703
37.5
148.8888889
0
0
37.5
319.3333333
46.875
96.66666667
97.17647059
2741.666667
48.09384164
238.4615385
35.22727273
47.3590715
1656.720349
47.34908142
118.1088873
46.55172414
3740.070922
40.25770308
96.66666667
36.85839717
0
2525.26096
96.99880716
96.66666667
96.66666667
96.66666667
96.66666667
96.66666667
96.66666667
97.95918367
97.95918367
96.66666667
96.66666667
96.66666667
96.66666667
96.66666667
96.66666667
96.66666667
96.66666667
96.66666667
96.66666667
96.66666667
96.66666667
96.66666667
96.66666667
96.66666667
96.66666667
35.57692308
0
5684.291899
46.98691357
111.1986374
1873.28629
99.31340996
2139.583333
0
47.94801642
1028.571429
42.85714286
42.85714286
1510.59413
98.4
45.33569732
1142.55814
45.97604342
40.93023256
40.94138258
40.46689636
426.8817204
45.53571429
0
40
46.94913185
39.10675381
0
575
0
100
0
3711.428571
97.37631184
100
0
2675
47.74774775
691.7
43.68447644
40
40269.02655
99.9465812
11950
0
0
299.1683992
48.26388889
98.94736842
41.21301775
490.4761905
41.75824176
511.1111111
47.80701754
2025
99.97591284
95900
44.4921875
1100
98.17708333
99.99092312
230900
41.94805195
40.31536331
47.28272827
99.36507937
15800
7430.791789
98.14814815
0
0
0
47.07544035
142.4242424
0
6275
98.03921569
809.2222222
44.50079433
47.86990178
37.11777905
48.29281776
365.7709533
0
99.39903846
3200
96.96969697
3380
97.12643678
14300
36.79012346
581.8181818
98
633.3333333
43.18181818
99.97626364
4333.333333
99.49845679
20900
99.97093023
3900
99.98815716
426900
0
48.14814815
232
96.89085952
756.1320755
96.6857385
186.7647059
47.31474986
274.9991374
45.68640351
189900
98.94736842
98.94921191
43.45629546
0
46.61348684
0
357.03125
39.00106838
97.77777778
4400
99.50564657
3509.375
99.48051948
4566.666667
97.85714286
4900
0
0
98
2900
96.66666667
1500
43.75
0
250
35.71428571
3983.333333
0
0
98.71052632
98.46770778
634.6641538
0
213.9705882
0
44.05302249
42.53970598
36.79698217
44.67532468
48.14814815
2500
0
0
500
0
108.4745763
46.8641115
0
0
46.75925926
1442.857143
2036.864847
0
0
119.3455082
20400
97.56097561
0
99.88304094
800
617.9487179
98.41269841
300
119.375
44.3019943
420
41.97132616
434.375
0
0
47.35275689
99.98234278
5900
44.44444444
6233.333333
98.24561404
717.1428571
43.88111888
36.08870968
259.4202899
47.58064516
47.5
400
98.94587619
2600
0
0
1022.839506
46.9188865
38.76876877
96.96969697
4685
98.95506792
9470
99.9754424
23700
0
98.50746269
47.64705882
10100
98.03921569
962.5
45.29411765
0
99.4
173900
98.27586207
46.66666667
8700
41.47727273
48
2400
99.70631424
4700
2150
47.22222222
0
99.55357143
22053.84615
98.40016367
1168.227425
41.08649789
48.07692308
1433.333333
0
0
340
38.63636364
7400
47.5
44.66666667
837.5
753.3333333
0
0
45.17214743
1005.066667
45.83333333
900
0
99.98796596
8650
1147.563353
96.875
100
0
300
37.5
175
99.14070892
11900
0
98.29787234
5900
99.88317757
56900
97.66081871
37.5
99.02777778
10300
40.47524564
46.66666667
39.63822944
46.85863874
40.67599068
44.3452381
37.99330418
47.23684211
99.04761905
99.35332158
13500
98.52941176
0
98.90710383
9171.428571
47.58186448
302.2205045
0
0
45
0
980
99.98296422
129900
46.53846154
99.97540002
59300
0
0
97.43589744
6806.25
38.83336293
44.79166667
47.421875
15415.15152
0
42.890625
41.20879121
0
46.79487179
6012.5
0
100
98
5650
0
99.9853733
189900
48.10526316
99.57983193
25042.85714
0
99.09090909
950
1060.714286
97.7481103
142.4242424
44.68961323
293.75
97.46031746
800
0
35.15789474
0
1600
97.05882353
237.5
35.18518519
99.89583333
2300
47.32142857
0
99.0990991
99.92647059
3900
46.875
1500
45.45454545
1075.757576
0
0
97.27272727
3900
0
0
0
99.80198733
7900
0
0
0
46.42857143
1400
0
0
0
0
0
99.41964286
9900
400
0
44.39347604
97.91666667
0
45.30008579
98.26886342
0
0
0
38.31702736
97.39583333
9500
45.43585526
97.39130435
5900
36.06696196
0
0
96.875
427.7777778
99.97961432
7950
47.40384615
4344.444444
0
99.97659406
130400
98.85057471
156.6666667
263.6363636
0
0
98.75222816
45900
98.91304348
10700
99.07407407
1533.333333
46.93877551
0
0
0
48.31024313
98
5285.714286
99.71590909
36462.5
38.88888889
350
0
0
47.30126921
0
875.8653846
48.07862844
1144.444444
0
200.281294
300
0
44.37514992
0
0
0
338.1613757
38.58867925
0
40.86538462
1011.111111
45.23809524
46.19375
217.8981938
35.7696281
0
0
0
192.0289855
0
289.7435897
0
38.63636364
390
1265.05425
0
45.65020705
1127.040635
0
40.83512551
0
823.9583333
47.46335964
0
0
99.54545455
204819.4595
47.56001699
775
46.54603175
46.02941176
1247.5
45.59369202
1034.736842
45.59369202
1034.736842
45.59369202
1034.736842
0
0
99.16666667
300
0
18435.41667
99.6403282
612.5
353.3333333
38.97058824
321.0526316
0
42.22222222
1622.767857
0
271.6450353
0
0
46.76470588
0
41233.33333
98.92473118
0
0
726.875
0
0
97.4025974
3750
46.21848739
38.88888889
5675
97.22222222
3650
99.58823529
24185.71429
41.72848538
3136.42732
99.16666667
40.25974026
99.79292972
37900
97.23684211
98.87625418
1614.285714
0
406.25
48.14814815
2728.395062
48.23221301
514.3333333
0
0
130.375
99.99625986
550300
0
99.29577465
1450
0
1127.272727
46.66666667
2600
48.14814815
0
0
0
0
0
0
99.6742671
243900
98.46311475
98.35641553
46.90404379
43.75
175
0
48.27868852
99.59819488
0
476.9230769
40.74074074
98.83040936
9066.666667
8628.571429
98.36333879
99.96791577
9100
98.36065574
99.99471231
9500
0
99.88699617
378.125
0
98.35980772
99.53684211
53900
0
0
0
0
0
45.13319672
42.85213215
44.24390279
45.65366788
44.48342028
37.5
35.71428571
250
505.4945055
96.72131148
0
0
45.42622951
0
47.80592813
98.35612044
43.33087834
1100
97.5308642
99.98660268
239900
225
47.63574661
99.92567938
2140
99.9162571
1900
99.97978748
119900
400
97.00925926
40.06341396
42.10692044
99.96747892
419900
97.09183673
99.98386771
599900
97.06363636
99.07550077
0
35.15132216
39.89130435
97.78726327
0
0
0
301.249505
98.42105263
43.1735067
757.1428571
41.66666667
200
41.66666667
500
40.5643422
0
0
39.17598822
45.12578616
36.06965174
328.5714286
0
3500
99.44444444
17900
37.5
45.55555556
96.96969697
3900
200
0
97.05882353
4400
44.84375
765.4545455
44.28404783
328.5714286
0
0
0
0
0
0
0
300
0
37.5
45.43761639
971.4285714
0
0
99.99109018
190714.8148
48.32298137
43.75
2487.5
45.53805774
312.5
0
45.98962019
358.3333333
99.48849105
20809.09091
196.5217391
0
48.06315104
841.1764706
37.5
0
38.88888889
45
12837.5
0
48.19024305
2775
0
0
0
42.85714286
0
0
0
0
0
200
44.8796723
300
100
0
330.976431
37.5
425
47.61904762
605
0
0
44.77416947
0
575
0
200
0
0
96.66666667
16507.14286
0
0
232.1428571
0
0
0
3050
5614.285714
98.25
99.73333333
120.4724409
0
0
0
47.12575496
38.73472403
46.35701275
0
98.35835398
36.08532767
0
185.6696429
183.3160073
47.22222222
1700
43.95938026
97.05882353
486.6666667
97.33333333
4400
47.22222222
97.5
3900
98.94223424
98.38709677
5150
0
119.7619048
0
0
98.21428571
5900
0
98.64864865
7300
0
0
104.56621
47.35576923
2376.190476
48.07692308
0
0
96.66666667
2900
0
0
98.93162393
1550
506.0606061
104.56621
47.35576923
0
0
0
0
0
0
0
693.3884298
98.046875
0
0
0
0
5525
43.33333333
41.66666667
98.75
8766.666667
11950
97.9253112
269.1227125
97.35688889
0
46.10311349
0
48.22184361
69568.75
97.84695434
99.79125841
900
304.4518547
97.41299302
99.96272436
5500
45.25616698
300
800
44.44444444
9400
97.89473684
0
0
47509.18367
97.89956491
105.4882523
41.03999176
0
0
0
0
44.79166667
46.70731707
12344.44444
98.21428571
407.5
40.14778325
0
41.95906433
566.6666667
0
0
0
0
0
97.91666667
4900
0
97.59615385
4025
0
0
0
0
0
0
0
0
0
0
0
98.35899598
1233.333333
103.7037037
98.18181818
108.3333333
0
4900
98
47.22222222
99.91336076
1775
0
39.92690867
156.7567568
97.56578947
700
43.75
700
43.75
700
43.75
700
43.75
700
43.75
700
43.75
700
43.75
700
43.75
700
43.75
700
43.75
700
43.75
700
43.75
700
43.75
700
43.75
700
43.75
1020
99.25986842
46.10498562
47.69230769
44.85380117
38.88888889
97.56944444
0
46.42857143
2983.333333
0
39.58333333
516.6666667
0
38.41283417
41.81818182
99.98251748
11900
0
0
0
0
48.21428571
520
38.87403032
45.41666667
99.67426333
41.66666667
0
200
47.5
119900
96.66666667
99.56490241
0
99.91188141
20627.27273
96.78362573
0
98.83889695
9066.666667
0
43.82716049
816.6666667
40.90909091
97.82674772
46.66666667
98.03827013
2166.666667
46.73202614
99.14712154
37.8129529
235.6473024
98.84615385
5500
48.21428571
0
43.75
1900
47.5
2642.307692
47.26507714
1728.205128
48.17671809
2642.307692
0
41.42300195
585.5769231
42.58212289
0
42.75
0
0
0
0
99.99698817
22066.66667
0
0
35.42149168
0
96.77419355
100
0
300
37.5
1494.414063
98.59038883
43.75
506.2222222
0
47.80701754
2173.333333
37.46054213
47.60638298
40.58227751
44.92559524
46.25
45.62406855
756.9604087
47.95081967
0
99.98670343
278900
47.6702509
97.91666667
48.05602132
35.88643997
97.79411765
99.44306931
46.38157895
263.6363636
0
97.49380355
0
0
98.8
416.6666667
99.99250615
239900
44.95454545
99.97971311
5150
45.23809524
99.57446809
400
0
98.31578947
99.84962406
94900
47.47368421
2700
47.91666667
46.99024131
39.57816377
100
462.5
0
0
0
99.99114575
563900
97.16312057
99.90163093
101900
0
43.1372549
2479.813665
48.13109426
0
98.53479853
2300
0
96.79487179
145.2012384
96.96969697
0
47.22222222
500
0
0
6902.573099
98.82186164
36.99119564
45.38974826
0
98.08188266
98.40236686
344.4444444
41.38966687
0
43.65691489
99.00793651
47.29567308
40
99.3880049
1422.222222
45.45454545
31900
45.65772669
0
0
40
47.43589744
98.61111111
33900
99.83076564
39900
46.5
1125.324675
0
47.89663462
2350.649351
97.85714286
3900
35.37221145
46.31923077
317.9728318
37.58730159
0
751900
98.93617021
44.05090944
0
41.66666667
1500
0
45.40675365
0
0
0
46.46428932
0
0
99.7900314
5200
0
406.6666667
96.71052632
0
41.66666667
0
9500
97.91666667
73900
97.2972973
96.66666667
100400
98.50746269
0
47.09024073
407.1534467
96.66666667
164.3207856
98.1273977
1672.487196
96.66666667
0
97.75390625
1244.927536
96.66666667
261.7202108
98.41976768
1871.609786
96.66666667
0
41.66666667
400
0
41.66666667
36.2962963
0
168.2926829
36.48665785
37.28070175
98.85057471
2300
0
39.55067921
378.5
0
129.0076336
0
48.32161125
2879.047619
36.57289003
272.3809524
0
114.0468227
37.5
46.47727273
683.8633687
43.39741286
0
36.76470588
44.44444444
3204.166667
169.3568726
0
0
0
46.8707483
1508.695652
46.89189189
1508.695652
46.89189189
2750
235.0877193
18100
98.9010989
99.77158747
37.5
780
10027.38636
47.60653839
47.65596827
2033.076923
0
0
42.85714286
98.57142857
48504.83871
43.82777501
43.33333333
46.44316358
0
0
0
0
1372.895768
0
98.96907216
582.4038462
0
0
668.90975
45.06132684
44.79876161
861.3095238
0
0
41.8990497
4300
42.25649351
38.52040816
700
36.11111111
0
98.33333333
36263.63636
98.33333333
98.33333333
44.44444444
44.44444444
44.44444444
0
40
44.44444444
42.85714286
99.60935019
9580
98.96694215
4500
45.65217391
37
48.3309427
600
0
45.97701149
0
0
10340
48.21200511
0
97.70409115
5834.163934
98.63113372
4775.573921
47.66927206
0
98.30508475
98.30508475
97.40346947
0
0
164.1456583
173.9130435
0
0
0
492.6773455
41.93448884
0
0
44.44444444
44.44444444
98.24561404
0
40.46610169
98.24561404
191.6666667
98.24561404
44.44444444
300
0
97.56097561
47.62501649
0
39.7084048
3921.381579
44.40490798
97.22222222
3300
0
97.07602339
800
277.7777778
38.23529412
300
37.64204545
42.4137931
400
0
0
267.3469388
0
47.28448276
0
0
0
0
45.41666667
257.1428571
0
951.3333333
97.93119848
1634.8659
46.67753586
41.13717823
464.1544118
41.13717823
0
588.6077217
42.38187218
42.62890625
705.5113937
43.79276316
1462.100031
46.16185414
0
182.8409091
0
0
98.71794872
5300
98.14814815
0
48.13207547
102.020202
0
4195
0
166.6666667
47.23958333
0
97.71428571
3353.125
1856.923077
47.44496855
35.52036199
245.3125
35.52036199
100
97.22222222
300
265.625
43.16239316
150
0
47.22222222
148.1527094
98.12865497
98.24561404
47.80701754
0
44
400
40
39.30555556
2664.285714
46.83462532
400
0
47.85714286
150
98.24561404
42.59259259
0
552.5
35.44061303
100
45.96491228
0
0
0
0
46
2800
45.25862069
300
98.17073171
347.0588235
0
48.07692308
2800
44.82758621
0
42.85714286
600
42.85714286
600
100
100
45.4978355
0
97.08015488
3389.361702
97.13414634
300
47.34848485
2100
98.86363636
373400
98.98259705
702.6315789
1533.333333
97.95918367
400
0
300
47.42647059
35.9375
866.6666667
45.74712644
0
900
96.66666667
0
300
47.79411765
48.05743243
685.7142857
354.5454545
48
2800
46.32758621
226.6769073
47.17868339
3633.333333
47.578125
150
0
47.67438272
0
0
96.84542587
1982.5
0
0
98.07923169
5362.5
0
173.125
0
39.14473684
45.64137785
2800
99.98084291
20200
37.87878788
0
0
96.66666667
300
1550
0
48.15233786
116.0864346
102.2222222
99.80769231
51900
45
0
2800
47.84482759
604.3733333
0
48.27738516
2802.564103
48.27738516
2802.564103
335
0
43.93939394
650
44.45
0
163.6363636
43.96551724
1150
47.68907563
40.625
300
40.90909091
891.6666667
46.30252101
98.24561404
0
0
0
43.92241379
42.90780142
836
0
0
43.92097264
836
0
0
37.5
96.875
42.85714286
500
503.7037037
44.47852761
44.44444444
47.5
1900
5300
100
46.18778935
0
36.46616541
269.4444444
36.46616541
269.4444444
0
96.68674699
0
0
46.22767857
98.42105263
8185.714286
98.79310345
38.88888889
350
511.1111111
41.81818182
0
45.12195122
37.5
200
0
0
0
0
0
0
35.19417476
337.2505346
47.28182244
151.7241379
0
655.1724138
43.37899543
37.93103448
41.66666667
44.53551913
0
122.2222222
1932.5
47.5399754
136.25
0
725
43.93939394
5400
46.38636364
2993.333333
47.48563218
98.66962306
6028.571429
41.67832168
0
123.951049
300
45.6045082
38.81118881
346.875
45.1048951
189.2156863
40.91101695
0
0
98.21428571
300
900
41.93548387
43.45454545
40
860
45.3125
97.91666667
0
48.02600658
273.0994152
36.59874608
659.0643275
42.58474576
98.07692308
40
920
45.58823529
98.27586207
98.27586207
0
0
47.5390625
97.88359788
4300
97.72727273
4625
113.3333333
0
5233.333333
98.125
753.3333333
44.140625
98.58156028
0
97.36842105
3657.142857
97.74397972
0
0
0
221
1239.563863
47.6744186
0
0
46.25520693
0
114.375
198.5422741
0
133.2361516
0
0
114.375
4308.163265
97.73148148
150.728863
43.02325581
185.8333333
97.19298246
98.24561404
98.24561404
41.66666667
43.85964912
98.24561404
46.87103326
135.2941176
0
98.24561404
379.7660819
43.05216967
0
645.6140351
46.78676471
0
366.5959703
39.28409091
0
0
44.07894737
41.48816166
300
46.26703477
0
0
35.11160714
2367.348544
47.25446429
0
4566.666667
98.21428571
207.5
919.5121951
45.74694312
0
0
139.5955882
39.56575111
446.1805556
815.4481882
0
45.22425249
402.173913
37.87878788
100
150
1900
100
100
98.24561404
98.24561404
42.1875
100
47.95321637
100
0
0
97.0703125
119.0740741
151.0566357
0
38.58833474
4300
45.02104377
447.7599324
99.00645516
0
1625
44.68599034
290.9090909
98.27586207
46.39458859
37.41319444
303.4482759
0
2695.294118
45.55742611
0
42
140
44.79166667
2523.076923
0
0
45.26315789
955.5555556
0
111.1111111
99.06017391
1100
0
35.28842431
740
97.61904762
2618.75
0
138.6363636
99.98006398
4550
0
2971.428571
43.4496124
99.40828402
2900
463.3333333
437.305952
40.61958622
36.79245283
270.8333333
45.50561798
200
0
7650
37.09677419
47.5
96.66666667
2900
1012.5
99.08980475
160.8695652
0
98.38060283
1975
47.59036145
99.92443539
209.7826087
300
300
0
250
514.2857143
0
300
47.39130435
98.62297253
53900
47.43589744
300
0
0
46.66666667
6910
44.92071766
37.71266541
306.9230769
45.71428571
300
933.3333333
36.02150538
45.3125
36.02186429
0
38.15523809
99.41413646
1700
37.5
900
41.50943396
614.2857143
47.41350353
0
185.7142857
155
45.79744146
400
40.89564117
0
97.42647059
614.2857143
905.5718954
48.10977626
614.2857143
0
98.10606061
5900
257.8947368
47.57352941
36.47798742
1290.909091
257.1428571
0
0
0
100
700
45.83333333
40
0
35.77015609
97.69410917
636.1111111
1275.471698
45.95959596
205.5555556
0
0
446.1302349
47.41259997
46.26485569
1252.380952
862.2405486
45.84395012
208.1664099
0
0
366.11387
46.76335472
44.47379114
566.6666667
1274.107143
45.90643275
200
0
0
675.4535097
96.91028424
47.52593775
3442.857143
1188.306452
46.28760216
244.2622951
35.47619048
0
44.44444444
0
37.5
0
8857.142857
98.88357257
0
0
8911.857708
98.89035088
37.5
0
8742.307692
98.86907351
0
36.74463938
9420.786517
98.94966661
0
47.05882353