500
58.33333333
1100
64.16666667
1700
66.11111111
500
58.33333333
500
58.33333333
1100
64.16666667
1700
66.11111111
1700
66.11111111
1700
66.11111111
1900
66.5
1700
66.11111111
1700
66.11111111
1900
66.5
0
63.82352941
0
0
0
0
0
0
0
63.82352941
0
0
0
0
0
0
1700
66.11111111
1700
66.11111111
1700
66.11111111
500
58.33333333
1100
64.16666667
870.5627706
99.37555754
1900
20300
99.50980392
5900
1700
66.11111111
0
3005.555556
99.64221825
1550
65.75757576
1550
65.75757576
1550
65.75757576
1700
66.11111111
0
58.33333333
0
58.33333333
500
58.33333333
500
58.33333333
100
58.33333333
0
60
0
500
58.33333333
1700
66.11111111
67.19008264
233.3333333
52.5
300
61.25
242.8571429
66.11111111
1700
66.11111111
1700
66.11111111
0
58.33333333
1700
66.11111111
1700
66.11111111
500
58.33333333
99.73901406
11733.33333
99.85915493
1100
2530.166667
99.6831633
31462
99.6831633
1700
66.11111111
1700
66.11111111
1700
66.11111111
1700
66.11111111
1700
66.11111111
1900
66.5
59.75609756
483.3333333
58
0
0
870.5627706
99.37555754
1900
172.5517241
99.56140351
6400
0
97.39583333
54.44444444
350
237.7777778
49.27631579
63
5200
98.11320755
500
58.33333333
177.7777778
59.91666667
0
0
5974.442105
98.35375828
0
350
0
130.4444444
0
0
379.338843
55.39655172
1966.115702
65.00666667
0
52.12529738
0
98.46153846
0
99.12769489
0
217.7083333
6527.612088
99.50529867
0
0
0
0
210
0
0
0
0
4462.5
60.4109589
57.55555556
0
301.0416667
50.60606061
260.9375
50.60606061
0
0
260.9375
50.60606061
260.9375
50.60606061
0
301.0416667
50.60606061
260.9375
50.60606061
0
410
54.74945534
344.6666667
54.25787106
359
54.74945534
260.9375
50.60606061
0
394.0740741
55.83208396
301.0416667
52.54545455
301.0416667
52.54545455
97.43589744
3900
97.1875
0
125
0
0
212.5
0
63
49.86175976
60.66666667
0
58.33333333
366.6666667
0
0
1550
98.18181818
0
0
266.6666667
54.16161616
50
0
0
8731.210191
98.72610891
0
170
52.5
1988.888889
66.64893617
100
0
100
0
56
2400
0
134.2857143
57.19512195
58.625
2361.538462
67.15625
2521.648072
67.32992385
55.64102564
60
0
98.9010989
1366.666667
65.22727273
397.4452907
0
65.33333333
668.4322034
65.7299421
0
0
417.8571429
0
67.30392157
18476.27119
60.95620438
0
63.50449294
0
1153.066403
64.41370387
0
0
352.3809524
0
0
4028.045867
66.52430556
0
0
0
0
103.5002035
0
0
0
0
67.32722413
2519
67.32722413
2519
98.27586207
99.15254237
61.11111111
400
0
98.30508475
99.66329966
56
150
1100
0
254.5454545
0
0
0
0
0
140.6015038
0
2666.917293
67.4701087
260.9022556
50.60416667
0
0
140.6015038
400
58
0
0
0
0
0
1207.142857
64.64480874
0
0
58.33333333
2750
64.26900585
430.3571429
58.68686869
0
206.4285714
0
0
177.5510204
0
55.28409091
0
0
676.4705882
115.6565657
65.81967213
0
10100
97.66339869
462.619199
2433.333333
353.9487462
99.76811665
9400
66.68421053
2033.333333
0
64.04639175
0
62.30769231
725
0
997.1428571
63.61979167
894.2857143
62.95977011
2063.428571
66.76439514
58
575
59.62962963
575
59.62962963
483.3333333
58
575
59.62962963
483.3333333
58
483.3333333
58
483.3333333
58
490.8513846
99.02952085
7409.375
97.5031211
12716
99.32376196
938.4615385
49.09333333
66.93351546
64.76207372
99.5412844
65900
64.16666667
1688.143251
96.69699282
0
55.39384455
274.8197115
0
224.84375
61.38047138
712.109375
61.38047138
3500
53.63521242
713.1661716
98.90410959
1127.777778
0
61.25
0
101.9919623
429.9512468
0
54.08406974
971.6210148
63.09611447
64.43437021
1263.095238
64.86462882
1263.095238
64.86462882
1157.719298
64.43437021
1263.095238
64.86462882
1263.095238
0
99.46994002
18765.78947
59.79634538
586.0287081
59.79634538
56.43088401
171.3642473
0
67.34482759
0
0
0
725
0
62.70833333
860
3256.800766
97.4398987
4449.090909
97.44204636
62.70833333
725
0
0
0
0
580
59.70588235
65.33333333
900
0
50.2020202
60
250
50
250
99.375
600
8360.78253
97.2646907
98.85057471
0
560
0
0
65.53191489
0
0
150
0
2450
67.25490196
150
56
400
56
400
98.12414842
0
0
0
3785.714286
97.42647059
204.7619048
1971.428571
59.37931034
0
1500
0
98.33333333
400
0
0
0
0
99.12280702
0
340
0
0
0
0
0
0
0
219.1176471
99.53917051
100
0
100
0
100
0
100
0
100
0
233.3333333
49
233.3333333
49
233.3333333
49
100
0
0
0
100
0
100
0
60
1325
59.73333333
49.90430622
248.3333333
49.90430622
2025
66.70588235
290.9090909
62.53875969
838.1818182
62.53875969
838.1818182
0
0
0
9849.333333
99.24953096
489.2857143
58.12121212
65
0
0
0
4820.32967
97.96761586
0
225.7142857
0
0
0
0
0
0
0
0
100
65.625
0
2805.215827
98.72642853
58.17567568
492
356.0810811
54.65185185
0
0
65.48730964
901.5748031
0
0
269.1118083
96.95326315
0
57.7702212
439.6825397
66.56862745
1940
49.41176471
240
1248.039216
64.80727273
0
0
63.1372549
920
63.1372549
21901.73077
67.33193331
1066.666667
52
0
97.56756757
0
527
64.41786284
3984.736842
0
0
256.1069958
179.2544748
0
0
67.22222222
3620
65.28315412
0
15638.66667
99.36462216
433.3333333
207.5
0
1622.710177
0
0
1191.034483
0
67.30769231
98.38709677
4850
97.97979798
0
0
2500
4600
0
59.70588235
60.66666667
650
60.66666667
650
0
0
2280.826737
67.07923901
752.5896414
63.23987539
219.3548387
0
0
0
0
0
219.2851824
0
49.67237528
0
0
1652.866242
66.0065407
0
0
0
1014.16309
63.73972779
98.76149334
0
61.14023297
6088.495575
0
56.875
98.00884956
0
99.16666667
7455.555556
2772.058824
67.56272401
1217.013575
64.24439197
13454.44444
99.26223461
0
0
64.58065074
515.8940397
58.6344086
0
9565.680473
98.96541169
98.27586207
98.38709677
940
63.26923077
2800
99.08045977
375
0
0
0
0
0
220
0
2193.333333
97.6744186
61.25
166.6666667
0
0
0
98.27586207
5361.633493
99.45216896
323.75
97.05014749
2622.222222
0
0
0
0
0
2366.666667
67.47077703
0
0
143.5714286
0
0
57.875
0
0
0
0
67.23684211
9729.869281
98.7340173
135.7142857
55.68181818
470.3703704
0
0
391.6666667
98.30508475
11900
65.33333333
125
1855.555556
66.42045455
55.41666667
380
55.41666667
0
0
65.22727273
200
411.1111111
56.30434783
466.6666667
57.64705882
0
0
0
0
0
56
400
0
0
359.2592593
0
97.10526316
27433.94495
65.93229375
186.4583333
57.78181818
330.46875
149.7277677
0
2049.969231
66.56793994
0
152.2167488
0
152.2167488
0
1539.408867
65.73016827
110.180624
0
56.20689655
407.5
56.20689655
540
0
916.9491525
54.83333333
1218.540925
63.46597102
65.625
316.1290323
0
64.75
200.6060606
1683.783784
65.56940371
59.6875
578.7878788
0
0
0
0
238.2173382
56.20216606
0
11577.05474
99.40683613
0
178.0208333
58.1978269
498.1538462
163.0315501
0
1705.737185
67.50996413
0
285.4014599
51.83712121
0
1088.019129
97.45762712
4900
65.36483333
0
231.0833333
0
0
194.375
54.74168436
358.7662338
54.74168436
250.6493506
0
6178
98.93809069
150
0
0
34429.88827
99.71039582
337.6666667
54.00609292
337.6666667
54.00609292
5843.816698
98.31757934
65.13888889
1335
0
0
140
54.44444444
350
54.44444444
98.24561404
0
99.67105263
220
7000
99.43661972
7000
67.53521127
0
671.4285714
0
98.88888889
191.6666667
0
0
3766.666667
99.48275862
0
220.625
0
0
0
400
56
3224.902869
67.18741784
0
0
0
0
53.33333333
320
53.33333333
5700
63.79310345
0
99.23115079
1150
0
0
1400
56
1900
930.1403509
98.01310217
400
58
0
0
0
0
6000
98.36065574
0
0
0
66.02272727
940
63.26923077
9340
98.94067797
0
0
0
0
0
0
0
0
0
0
0
0
56
300
56
0
700
54.25
301.5531892
97.02662722
62.53333333
2733.243119
0
51.26904525
0
66.97297297
0
53.52941176
220
20212.5
99.42307692
51.33333333
0
4400
51.66666667
0
211.1111111
0
918.5185185
63.12727273
522.2222222
55.74074074
67.27272727
2525
67.33333333
2525
67.33333333
2466.666667
67.27272727
2525
67.33333333
2525
0
67.27272727
2466.666667
2300
0
67.30769231
8966.666667
98.56440571
357.1428571
54.44444444
0
64.98751469
5446.666667
98.07692308
0
55.06666667
4600
61.80851064
0
138.1996234
98.13415136
530
58.88888889
530
58.88888889
530
120
98.25174825
345
97.37827715
1385.714286
98.07692308
100
0
143762.201
98.70246204
419.1071429
56.51530788
419.1071429
0
64.00684932
1172
65.68920335
226.8085106
53.984375
54.06504065
339.2857143
58.04878049
0
900
65.33333333
1400
653.3333333
60.7079646
693.3333333
61.17647059
96.66666667
300
650
60.66666667
650
1200
98.65384615
407.9365079
63.4375
110
433.3333333
454.0332512
0
0
0
0
0
0
600
0
65.6463549
200
670.5555556
62.16474405
0
0
66.41025641
0
64.16666667
300
0
6306.842105
97.18113859
909.9667774
97.53289474
54.44444444
350
54.44444444
0
802.8571429
97.0464135
0
56
0
63
98.83886016
0
0
99.72527473
51356.95364
64.25247748
51.23441056
840.2294708
65.82170543
0
329.6675192
1024.092675
65.58043557
0
916.2994627
63.11226636
0
0
56.99690402
6033.333333
0
0
99.78723404
1942.857143
0
0
0
0
52.76923077
61.25
116.6666667
0
116.6666667
0
0
2825
67.60683761
983.7762238
64.23503326
10670.83333
99.07156673
0
0
2825
67.60683761
983.7762238
64.23503326
10670.83333
99.07156673
0
0
2772.058824
67.56272401
1217.013575
64.24439197
10667.77778
99.07130327
0
0
2558.139535
67.36657918
1306.511628
64.31818182
10643.33333
99.0691902
0
0
2766.776316
67.55823293
901.6447368
64.36781609
10814.28571
99.08376963
0
0
1030.769231
63.80952381
0
2801.315789
67.58730159
1124.232456
64.29467085
14288.46154
99.30499866
0
0
1078.04878
64.05797101
98.88888889
5750
2686.324786
67.48773006
1368.2861
64.6657754
10655.55556
99.07024793
0
767.5065492
702.4244794
0
2618.75
67.42528736
1281.153846
64.29824561
10650
99.06976744
0
0
2686.324786
67.48773006
1269.625247
64.32997312
39977.0416
99.75048058
228.8135593
0
99
6312.5
2722.612086
67.52002762
1337.980917
64.61706102
17894.87179
99.44428612
59.23076923
99.23076923
8000
2751.851852
67.54545455
960.4288499
64.6657754
20234.72222
99.50823031
100
0
0
208.5714286
0
362.8571429
54.87654321
2231.428571
66.99754902
1280.952381
64.42775862
11783.04094
99.15846457
0
1031.313131
63.8125
0
2562.5
67.37089202
917.6923077
64.37229437
14543.75
99.31711481
0
0
98.88888889
8900
0
2696.568627
67.49693252
1387.109084
64.75871486
577.9661017
59.675
0
7963.241107
98.75980392
1006.719368
63.675
0
0
0
14042.85714
96.96969697
11766.66667
99.15730337
0
56.63636364
55.85127763
99.37432628
0
52.5
500
0
61.48881689
63.44569288
0
97.56416575
58.33333333
65.625
98.92473118
1271.446488
56.13016308
64.33
6616.049383
98.51102941
0
60.53045649
0
52.5
0
184.959276
0
184.959276
0
184.959276
99.63302752
6600
613.7764784
97.11174685
1118.461538
6300
0
98.46153846
96.875
25349.6318
97.14632414
3944.75043
97.52765957
140
0
0
52.97297297
62.22222222
800
0
0
67.375
150
700
0
0
99.85507246
40014.28571
2993.660969
96.76758375
1027.305443
64.05741387
254.2589216
50.24044118
0
254.6453546
50.26197183
0
10019.10549
99.01177036
0
0
0
98.88888889
5788.888889
2600
67.40740741
929.59285
64.87203414
10436.58537
99.05092593
0
0
2558.139535
67.36657918
1306.511628
64.31818182
10643.33333
99.0691902
0
0
100
0
700
0
14150
67.54385965
98.93617021
100
500
0
167.8571429
144.4444444
98.93617021
100
98.93617021
100
52.02018743
99.48193543
300
12275
0
66.4895
1216.051844
64.13774105
98.93617021
100
320
96.82539683
66.27494457
400
100
0
98.93617021
100
1400
0
0
98.93617021
100
98.93617021
100
0
0
52.5
2015
0
65
9300
98.93617021
0
200
0
0
0
0
99.10714286
0
150
0
97.43589744
5400
98.18181818
1100
266.6666667
96.96969697
185900
98.92473118
66.5
1900
99.11504425
67.33333333
49.2762025
99.21585028
0
167.8571429
966.6666667
97.5
300
237.5
0
0
0
0
0
300
52.5
0
0
63.77777778
1100
63.04347826
67.6
0
0
0
57.88461538
6857.580418
53.90244981
66.11111111
326.6666667
0
0
50.2804878
0
63.3559322
1480
415.6799539
61.79439746
98.00569801
4914.285714
154.2735043
0
97.2972973
1900
61.46341463
1100
67.08333333
98.28336557
3866.666667
67.05882353
6700
64.50980392
0
0
97.52747253
3944.444444
63.24913892
0
59.94586989
238.7212644
49.70307529
0
4528
59.10976664
64.16666667
11500
97.84482759
0
0
98.27586207
13348.27586
98.71794872
0
2558.139535
67.36657918
1306.511628
64.31818182
10643.33333
99.0691902
0
0
2558.139535
67.36657918
1306.511628
64.31818182
13026.66667
99.23819198
0
0
0
2774.80457
67.56505187
937.0014031
63.69220659
241.8275418
49.52183735
0
0
0
241.5966387
49.50799508
0
8642.857143
98.85620915
0
1095.061728
64.14256198
0
2693.209877
67.49392265
1242.592593
64.3908046
10098.77049
99.01948965
0
1021.478873
63.75824176
98.88888889
5788.888889
2667.924528
67.47102931
1260.580552
64.28152493
10655.55556
99.07024793
0
0
2558.139535
67.36657918
1306.511628
64.31818182
10643.33333
99.0691902
0
0
2662.068966
67.46566792
942.7586207
64.31818182
10643.33333
99.0691902
0
52.5
0
2728.125
67.52486188
972.6704545
62.86243975
214.2857143
0
528.5714286
0
0
0
8394.520548
98.82277052
1021.917808
63.76068376
98.88888889
5728.571429
2627.941176
67.43396226
954.4955324
65.11405622
10063.17016
99.01605505
0
938.961039
63.2625
59.70588235
56
320.5607477
98.33333333
0
0
60.66666667
99.8152545
17423.87273
139.9014311
97.1455771
0
0
0
144.5449975
98.75440658
61.54716981
728.125
61.54716981
728.125
109.0618337
0
0
0
175.2013635
0
97.64705882
0
67.45454545
0
97.05882353
98.7654321
98.49915361
0
1997.777778
66.66313559
53.0617284
313.2653061
53.0617284
98.94813589
0
0
9810.838663
98.99100365
55.46624575
381.6374269
55.46624575
97.82543038
0
98.99965565
0
4539.260401
97.844484
0
0
0
0
49.77777778
52.59130435
99.62264151
11375
2889.106754
67.65816327
1191.503268
64.33198381
233.3333333
49
0
0
64.34343434
773.90625
61.98998748
773.90625
208.09941
0
271.0917219
59.77266523
13213.7931
99.24889925
0
57.98283262
52.5
52566.66667
98.97151899
1723.636364
98.74920692
0
0
0
99.16666667
7455.555556
2772.058824
67.56272401
1260.090274
64.42668325
584.4444444
59.77272727
0
0
0
12611.11111
99.21328671
0
66.66666667
900
99.03846154
7820
52.5
316.6666667
0
0
52.06521739
0
0
65.75757576
3900
0
0
67.34387352
1560
0
0
0
0
2558.139535
67.36657918
1306.511628
64.31818182
10643.33333
99.0691902
0
3058.043997
98.87014237
1114.798206
64.2377261
0
2924.834437
96.69403394
981.4857041
63.62386822
0
589.3617021
2475
99.43264563
59.89304813
1119.340378
64.25919118
98.27586207
98.27586207
98.88888889
5728.571429
2696.568627
67.49693252
1282.08061
64.4
10079.31034
99.01761518
0
1011.764706
63.7037037
60.11104394
98.88888889
5728.571429
2696.568627
67.49693252
1310.135002
64.47261238
516.3328197
0
0
146.5331279
5000
98.8002451
1044.024515
63.88125
0
2688.906009
67.49005525
1234.123504
64.21952736
9774.125874
98.98725212
0
99.54545455
13011.11111
2905.084746
96.67230682
1003.937419
64.19642857
10683.33333
99.07264297
0
98.5
441.6666667
98.5
441.6666667
60.564546
0
2742.857143
67.53768844
1138.282209
63.83309912
528.5714286
0
0
60
58.33333333
5942.307692
99.02783404
0
97.87852886
1091.474554
449.5582652
0
698.7742594
61.23657289
0
2293.089431
67.07491082
823.1310322
63.05929348
0
583.8559814
0
49.52785326
0
0
97.69181789
2506.896552
98.61111111
7100
0
241.902109
49.52630354
59.00278552
536.5248227
0
8042.991507
98.77195009
99.89641778
94691.66667
412.7032967
56.34687929
0
203.9751553
125.4072042
0
701.056338
61.26153846
0
2732.352941
67.52855659
960.4524887
64.28152493
11526.38889
99.13988771
0
99.54545455
13011.11111
2905.084746
96.67230682
1003.937419
64.19642857
10683.33333
99.07264297
0
3900
49
3833.333333
97.45762712
0
0
98.7804878
654.2857143
60.71969697
654.2857143
60.71969697
604.7619048
60.06756757
604.7619048
60.06756757
604.7619048
49
58.33333333
100
175
67.27272727
0
200
98.31356393
51.33333333
66.37195122
0
98.79518072
300
0
54.27396565
65.51282051
2846.666667
62.77564103
0
63.04861111
0
63.04861111
0
64.95192308
62.22222222
99.96916895
4400
97.77777778
4400
1388.888889
64.06799337
6560
65.83783784
0
60.375
133.1818182
98.88888889
2220
98.27586207
98.21428571
97.33333333
3650
0
66.11111111
98.78378378
0
7200
99.5890411
1261.111111
64.85714286
733.3333333
172
66.91176471
733.3333333
61.6
733.3333333
172
66.91176471
733.3333333
172
0
172
0
172
66.91176471
1400
67.05812221
0
507.9787234
99.56255468
28830.06993
64.33115784
0
98.26839827
5757.142857
0
0
1932.729881
65.45653511
1300.701992
65.00250586
207.8446731
0
700
380
337.8947368
99.52423878
233.3333333
49
233.3333333
49
233.3333333
49
326.6666667
53.59375
326.6666667
53.59375
326.6666667
53.59375
233.3333333
0
0
49
233.3333333
49
233.3333333
52.5
97.82608696
98.35164835
99.74362611
10500
0
0
67.40740741
10765.7337
66.77886455
56
2371.680672
55.62718866
510.8374384
57.58064516
0
63.47319347
725
65.75757576
6900
64.5
341
0
0
97.71232485
700
446.40625
0
214.88006
0
0
0
0
63.87077295
600
60
1000
63.63636364
3800
97.43589744
1042.068966
63.87077295
1042.068966
63.87077295
300
52.5
3330.177515
97.08469898
100
0
1700
66.11111111
1064
63.9862543
1072
64.02730375
5914.814815
0
56.72281371
62.15350993
774.3944228
58.27027027
0
774.3944228
61.99445946
0
58.33333333
99.46998755
891.6666667
62.94117647
98.27586207
61.6733871
5980
98.35526316
287.5
132.2580645
62.70833333
60.66666667
650
60.66666667
650
54.7826087
63
0
8600
98.85057471
11500
98.27586207
0
97.35449119
2177.807487
0
0
494.9871887
62.31236254
0
54.83333333
3828.445474
97.40688373
0
96.80851064
97.17695257
63.91304348
0
38270.0495
65.04134367
2180.645167
66.93069308
56.47930506
417.7248677
157.5370465
0
194.3280531
0
727.7976495
97.77777778
443.6111111
0
0
100
292.5
98.40764331
0
4114.285714
97.62711864
99.17012448
100
0
100
0
0
62.24332881
66.18181818
1733.333333
66.18181818
1733.333333
287.5
53.06451613
113.3333333
0
6300
97.1875
5600
98.24561404
100
0
6800
98.55072464
800
62.22222222
1300
4400
98.88888889
20400
99.51219512
200
65.88235294
2900
60.66666667
52.5
60
0
0
8700
98.86363636
98.7804878
99.49238579
8900
98.88888889
52.5
0
8700
98.86363636
60.11764706
0
53.59375
860
62.70833333
3281.21547
67.4749084
50.86956522
265.9090909
52.60869565
311.25
0
67.23021583
3063.636364
96.83908046
9000
180
98.9010989
98.32380952
98.25174825
5620
500
98.07692308
0
8700
98.86363636
8243.75
0
64.83759733
0
0
3829.399368
98.93961741
374.7252747
0
0
1146.65404
64.38496987
57.52314815
461.038961
0
0
206.25
0
155.2083333
0
98.27586207
308.3333333
150
66.76923077
0
344.4444444
0
0
5142.105263
98.09236948
0
0
0
0
0
67.62553419
4880
97.99196787
0
0
0
0
0
97.89473684
100
3385
97.13055954
3100
96.875
54.25
0
0
0
0
0
1050.684932
63.91666667
146.5753425
0
96.66666667
96.66666667
98.88888889
662.5
61.39344262
113.3333333
0
5233.333333
98.125
860
62.70833333
0
5400
98.18181818
98.27586207
965.2244435
98.81622223
0
0
212.3595506
67.23021583
3063.636364
96.83908046
15500
99.03846154
10400
98.94179894
2930
96.69966997
0
0
98.7804878
1500
62
8600
98.85057471
65.22727273
61.76470588
63.4375
9400
99.22807018
4304.545455
63.88854489
1699.054374
66.10906702
526.8058839
58.8322682
0
62.91666667
0
0
0
0
14250
0
64.06130903
0
0
9680.859917
98.24730573
65.63313609
0
10308.68538
98.39823218
98.96405263
1466.666667
65.53191489
61.25
700
98.13278008
3944.444444
97.52747253
63
0
205.4545455
67.08333333
0
100
9100
99.86413043
700
98.20872929
51.33333333
2484.914596
0
3312.5
60.66666667
98.60966953
0
58.20496562
96.79633028
0
494
0
0
0
66.34782609
0
0
100
4167.123288
0
65.37601626
4773.846154
53.03030303
64.07552083
15666.15385
99.3657299
133.8461538
0
569.8039216
59.54918033
569.8039216
61.91305621
0
470.6031746
60.5071214
0
569.8039216
59.54918033
569.8039216
61.91305621
0
498.6904762
0
0
58.30781467
56.66666667
0
498.6904762
58.30781467
56.66666667
232.2291022
54.47488584
350.8823529
54.47488584
350.8823529
0
592.0454545
62.71724138
0
0
0
382.1428571
0
56.38888889
60
25569.23077
99.61042853
26180
52.59766616
65
55
366.6666667
1502.857143
65.63279857
245
67.40740741
97.01696438
0
0
99.51910232
21837.5
0
2004.504505
66.67380137
67.20960366
0
0
4676.923077
97.90660225
58.67647059
57.27272727
0
6263.636364
98.42857143
0
0
0
62.18784477
102.4096386
0
5639.759036
98.25776658
96.882494
3469.230769
1400
0
98.4375
580.5555556
52.64285714
0
375.2
0
0
5202.793448
97.45281974
0
0
0
0
0
2029.166667
66.71232877
0
0
0
64.57003546
780.4571429
63.59423676
0
193.75
240.4255319
49.4375
66.82269504
2103.125
208.6524823
0
536.1054767
58.203125
0
62.82051282
1736
61.23093682
6095.652174
60.98105263
0
494.1901408
57.55555556
54.44444444
0
4907.407407
98.00295858
65.13888889
1340
65.13888889
0
0
0
0
60.91891892
733.3333333
100
0
97.43589744
4900
6900
98.57142857
0
0
0
849.6230159
96.8575667
0
0
0
0
0
97.22222222
3900
470
58.94736842
58.33333333
142.4242424
0
6748.484848
98.53982301
67.5
3766.666667
1000
0
0
0
0
63
1533.333333
66.78571429
0
98.50993902
0
6305
99.60967994
14112
97.36138475
7900
98.33333333
56
1070
0
0
3664.600551
66.3741173
98.66666667
60
58.33333333
415.2542373
99.67105263
300
57.40899358
53.05555556
1493.442623
65.60699588
883.6065574
62.608
2326.136364
96.91176471
56.66666667
166.6666667
125
0
98.46153846
98.88888889
60
5400
98.18181818
0
0
0
1066.666667
0
97.25375934
66.5
2733.333333
22305.49188
62.97189117
66.88826131
1911.764706
187.7192982
0
66.88826131
67.52941176
63205.55556
99.84203598
63205.55556
99.84203598
63205.55556
98.52941176
2700
98.21428571
5100
64.61538462
0
0
98.93617021
100
0
266.6666667
96.96969697
0
0
4353.125
97.89473684
0
3724
97.38493724
0
0
57.27272727
4800
97.95918367
8266.412214
97.55968674
0
62.72727273
400
0
1139.072165
66.61036692
0
3540
60.86538462
55.26315789
6460
99.3902439
400
56
1100
891.257732
64.35061153
0
100
65.625
400
56
7900
98.75
1300
4200
97.6744186
6400
98.46153846
700
0
98.26490815
0
62.57575758
842.8571429
1013.636364
63.71428571
191.6666667
0
934.0909091
98.07692308
402.8571429
433.3333333
98.27586207
98.71794872
9775.776398
1012.5
50.70411985
64.61050725
50.23529412
254.1666667
0
267.5
97.95918367
65
52.5
0
97.05882353
15712.5
97.8972332
5191.353383
97.42451155
0
1164.197531
63.64257813
63.97849462
1158.888889
64.43954104
1158.888889
64.43954104
1158.888889
64.43954104
1158.888889
64.43954104
1158.888889
0
0
63.97849462
1062.5
63.97849462
99.09842562
306.993007
56.76975945
0
60
511.1111111
650
60.66666667
65.47565175
97.27891156
0
65.67781155
0
66.11346659
98.54077253
60.84473684
2888.461538
56.33633634
0
56
18900
99.47368421
337.5
0
98.24561404
5150
98.0952381
926.6666667
63.18181818
926.6666667
63.18181818
954.2857143
60.04065041
602.8571429
60.04065041
602.8571429
0
58.57142857
61.25
0
0
0
56.875
0
0
2078.796343
96.87066584
3557.142857
0
64.07552083
67.10743802
56
300
0
4372.049689
97.5
0
65
700
51.33333333
150
5876.744186
339.4811933
99.74619289
300
52.5
835
62.51336898
835
0
133.75
54.27807487
252.3809524
0
0
150
0
25500
98.2421875
61.25
6600
65.29850746
1411.111111
65.36764706
0
0
0
99.64835165
12700
65.85286458
57.10526316
60
98.4375
3250
98.50746269
60.47619048
98.51941921
64.61538462
26700
0
67.3880597
63.73134328
54.6875
53.33333333
3320
97.07602339
62.27941176
8400
66.29411765
5300
98.14814815
97.73333333
61.76470588
750
223.5294118
0
0
99.13305415
566.6666667
0
0
7960.606061
67.47638327
0
139.7435897
1047.058824
63.8974359
0
0
220
241.8803419
66.5
7100
0
1361.406501
67.22014375
50.61538462
98.95229186
63
900
63
900
63
900
63
900
920
0
743.75
61.15061728
900
64.75
0
0
2409.52381
55.82068311
237.5
99.30555556
1900
900
0
54.075
0
147.6190476
900
97.30769231
900
97.5
6900
49.83333333
371.4285714
96.96969697
4900
58.485
1766.666667
66.25
900
67.2
900
0
60.66385007
126.4567799
0
63.11727224
126.4567799
0
51.96969697
64.43181818
300
102.5
640.7407407
60.55
0
64.81481481
10733.33333
61.27692308
0
480.5724589
0
0
63.45959596
53.18627451
99.22375266
64.4
29400
99.83050847
400
8268.75
63.549262
156.4102564
0
0
54.27460938
96.96969697
57.18535469
0
0
455.5555556
0
0
0
64.80134342
130.7692308
0
62.7257732
0
58.33333333
0
65.44917258
990.9090909
0
392.3076923
52.675
63.63636364
97.43457114
1560
0
0
63.63636364
0
0
63.1372549
8900
62.84444444
0
309.731114
56.81375
900
63
63.52365847
62.10784314
51.73913043
1000
0
900
63
900
63
0
0
150
200
0
0
99.10076043
768.9655172
61.94444444
4075.212718
97.60491245
10965.84781
99.61437737
142.4242424
0
142.4242424
0
142.4242424
0
134.3434343
0
134.3434343
0
142.4242424
0
142.4242424
0
242.6573427
49.57142857
225
0
242.6573427
49.57142857
134.3434343
0
225
0
142.4242424
0
142.4242424
0
98.70753525
0
66.88888889
440
0
0
0
275
98.88888889
98.93004723
0
98.88888889
59.62962963
150
98.9010989
3733.333333
60.86956522
56
55.64102564
59.33333333
162.1259653
64.75443038
738.0165289
0
61.19166667
0
99.33687003
150
500
0
98.88888889
56
400
0
0
58.1241033
53.72093023
0
60.66666667
650
60.66666667
650
58.33333333
300
66.5
875
62.82051282
97.20730397
275
60.66666667
98.38709677
1900
0
0
0
51.48148148
67.36537348
61.17955319
350.4056616
0
0
552.3076923
103.7735849
99.76851852
9136.8
98.91737398
6530
50.39558481
55.8629131
395.1515152
126.1933905
64.11287048
58.31321839
912.0481928
98.85057471
53.45569584
62.94674859
0
0
67.36537348
2556.923077
67.36537348
98.85057471
97.98657718
0
3250
128.358209
98.20261438
900
63
0
51.33333333
275
51.33333333
275
51.33333333
100
1650
171.4285714
98.94736842
275
51.33333333
175
0
175
0
0
56.9302399
58.46153846
650
51.33333333
1127.692308
7671.714202
99.2873069
59.70588235
112.5
225.3781513
3860.12446
65.55173009
97.12643678
27100
60.81656347
98.87905605
1850
357.4898785
56.48930212
0
0
0
57.41573034
457.5657895
628.6135693
57.42153846
278.8527397
51.23163842
1134.587598
63.24918186
0
135.4347826
0
135.4347826
721.1757464
247.8448276
99.87608426
15685.19553
99.36649502
16400
64.90909091
1225
0
281.3169388
0
97.86585366
742.4489796
0
60.47832586
635.1648352
60.47832586
742.4489796
61.69089147
635.1648352
60.47832586
635.1648352
60.47832586
635.1648352
60.47832586
635.1648352
0
99.16666667
62462.5
62.04846649
65.33333333
1400
433.3333333
56.875
2184.615385
59.27609428
62.22222222
567.0993746
0
5089.473684
98.94892126
0
0
99.96343693
17654.28571
111.818038
63.29908058
49.58333333
113296.3759
0
0
0
219.5691203
0
0
540.9399006
59.0785392
0
0
0
0
542.1657096
59.09938682
0
580.7893677
59.07595835
0
0
1040.837495
63.7227236
567.0993746
0
5089.473684
98.94892126
0
0
0
8895.673077
98.88835444
419.2307692
56.51851852
1124.519231
64.28347075
0
97.22881892
1680.078125
0
0
8895.43379
98.88832487
420.5479452
56.55263158
1114.611872
64.23684211
0
8392.857143
98.82253995
392.8571429
55.79710145
1050
63.91304348
65.80456026
44030.43478
99.00582176
50.49154857
51.40495868
191.1111111
18022.1374
99.0547599
335.9375
63.68055556
335.9375
63.68055556
98.11398109
6088.495575
0
63
0
0
319.3548387
130.7692308
52.18181818
10186.30952
99.02783404
0
1450
65.48387097
0
0
29878.26087
99.02683104
98.66868448
360
31421.73913
98.98432602
54.50700663
0
32122.22222
98.98432602
65.93416122
0
8020
98.79086431
98.07692308
567.0993746
0
5089.473684
98.94892126
98.6013986
63
58.70967742
0
0
63.00616406
0
64.41810345
7776.54321
98.88857224
98.27586207
98.16743325
0
390.9090909
55.74074074
1045.454545
63.88888889
55.24045273
0
26453.19149
98.85022385
401.7699115
56.04938272
1070.79646
64.02116402
335.9375
63.68055556
335.9375
63.68055556
63
567.0993746
0
5089.473684
98.94892126
567.0993746
0
5089.473684
98.94892126
63
63
49.06505866
5229.72973
98.94892126
49.06505866
5229.72973
98.94892126
0
0
322.2222222
0
0
200
0
0
98.42883549
0
0
97.06515166
736.587963
97.21089301
0
62.70833333
3085
0
517.868198
97.81076772
2013.548387
0
379.3827411
49.79022491
0
119.7514716
463.8664819
63.93473436
518.0555556
56.28819239
2011.85948
98.64194203
58.94736842
14806.66667
0
0
1591.286989
99.86705586
2642.826667
0
67.22719758
2468.57971
97.92362553
4716.086957
97.92362553
107263.5438
52.05128205
0
97.43589744
3900
0
2579.487179
63.12280702
0
54.98550725
0
156.6666667
49.54545455
64.16666667
0
113.4646962
0
885.2216749
58.3
180.8641975
0
138.2133995
96.66666667
58.17016317
0
0
6857.692308
67.39966833
0
0
0
60.66666667
51.25
64.16666667
77900
98.46153846
116.6666667
67.30769231
2500
67.30769231
2500
0
0
66.38709677
1700
0
57.09677419
300
0
836.8686869
57.43396226
0
0
285.3624696
51.83528353
111.143695
49.25925926
50.3125
0
0
301.025641
49.7656137
60.01470588
65.18900344
10100
0
99.79101358
242032.1429
55.25598478
57.99019608
665.7142857
60.85820896
0
2111.297331
98.50138483
776.6233766
0
97.22222222
64.08450704
97.73419469
2198.387097
66.95438596
97.68491365
2185.714286
66.9375
98.46153846
0
98.79032258
0
0
1000
0
14681.95251
0
97.87234043
0
0
10576.96203
66.94243976
66.65462538
63.33333333
173.125
57.18535469
446.25
266.1327231
50.88125
64.01983219
6671.428571
52.94303797
0
0
58.44036697
613.9393939
60.19524618
613.9393939
60.19524618
505.5555556
58.44036697
613.9393939
60.19524618
613.9393939
0
0
188.3597884
0
188.3597884
0
0
67.02415459
0
321.875
0
0
1679.166667
64.09836066
0
306.4516129
52.77777778
2285.765306
66.3897198
0
0
3090.416517
62.48550813
0
123.6024845
0
0
0
0
283.3333333
51.73913043
585.7142857
59.79166667
1416.666667
98.9010989
0
0
17060
98.83449883
61.25
51.33333333
275
51.33333333
275
51.33333333
275
0
61.25
0
61.25
114.2857143
99.60058581
5600
487.6315789
98.27586207
0
0
57.73156571
0
61.64114514
0
598.4126984
54.09090909
0
97.35449735
3680
98.82352941
541.9753086
67.5
5675
98.7012987
96.66666667
2900
6433.333333
99.48979592
200
0
200
0
200
0
200
0
200
0
200
0
200
0
300
52.5
300
52.5
300
52.5
200
0
300
52.5
200
0
200
0
98.73378528
0
0
99.96807087
5668.75
0
52.24637681
393.75
0
4456.763285
97.06122449
0
1025
63.77777778
98.75
7781.818182
98.73125721
291700.6431
99.96573003
7900
0
99.16666667
7900
98.75
8900
133.3333333
238.4976526
99.87938012
13845.10309
0
99.8139881
29700
99.86577181
150
25500
99.609375
200
522.2222222
3403.571429
64.86238532
0
0
67.24007009
300
553.1578947
328.6865431
0
67.5
0
787.0114087
98.65787951
764.2045455
97.58930528
4048.181818
0
98.9539749
74780
99.86645299
8267.272727
67.49022164
10326.66667
97.44245524
945.9090909
63.30725771
2450
64.35897436
60.45454545
250
51.33333333
10120
97.84735812
98.93116717
6600
61.64179104
66.27777778
0
2937.037037
66.84146341
0
100.4371585
0
100.4371585
0
63.84765625
0
650
66.40387275
51.00328947
55.06666667
67.63614923
1700
97.77777778
0
11900
63
4900
61.84679487
55.3450743
0
0
0
0
0
0
0
65.33333333
250
50
3983.333333
97.55102041
3983.333333
97.71373501
471.1976628
98.24929256
10740.0719
0
98.52195946
7900
99.64285714
0
8700
98.86363636
8700
99.43181818
8700
0
150
543.902439
766.6736022
61.83135908
98.87640449
6533.333333
99.74874372
500
100
64.16666667
500
58.33333333
18087.05036
96.70094937
157.1428571
0
1116.666667
365.2631579
0
98.46153846
6003.305556
0
57.41573034
462.4609375
61.83276616
728.4688013
261.3474387
50.4862906
0
0
0
67.1497093
49.06209265
234.5342523
0
0
0
67.62711864
0
54.0570298
339.0649867
99.38356444
14015.78947
0
65.2154542
1363.043785
99.71520561
700
170
150
99.25925926
49564.2487
0
52.51464119
0
179.221876
0
0
0
5200
98.82075472
8380
98.11320755
458.4045584
97.95918367
480
0
0
52.5
0
331.6666667
59.18918919
98.88888889
100
0
98.30508475
98.30508475
64.61538462
64.61538462
98.38799678
1790
66.2962963
53.24213406
65
100
0
0
98.63013699
0
0
0
1214.393939
96.72255698
436.3709033
57.04321908
64.96959646
103.0769231
99.24242424
4900
0
0
0
52.15686275
98.87640449
8800
98.87640449
8800
97.5
66.81818182
7400
877.7777778
67.23181818
0
56.875
57.93103448
65.93023256
56
150
0
0
65.33333333
0
0
703.5714286
96.66666667
0
0
0
0
200
0
0
58.33333333
300
60.4948304
0
133.3333333
61.97530864
105.0213675
98.74934862
400
56
100
15850
99.68652038
100
250
6757.142857
98.54166667
328.5714286
53.66666667
0
61.25
70900
99.85915493
17166.66667
62.39864865
66.26666667
17166.66667
99.42084942
1775
66.26666667
17166.66667
63.66554054
1005.066667
63.66554054
1005.066667
98.27586207
66.11111111
0
67.28682171
292.7272727
52.17592593
365.8181818
55.13934426
0
63
300
0
133.3333333
52.66666667
1342.307692
65.14666667
99.01156725
0
0
1072.368421
64.0291807
98.78116833
167.8571429
0
60.625
646.6666667
0
0
0
1006.451613
54.76190476
0
148.8888889
0
60.66666667
0
786.5490473
62.10421575
500
0
67.33050847
0
62.22222222
0
62.48587571
98.92473118
97.98657718
3415.891473
97.47179657
98.36021505
112.244898
0
0
1340
65.13888889
98.88888889
98.8851728
0
62.22222222
800
50.5
99.79701008
56
3650
98.28738513
1471.022727
65.5443038
686.25
61.09697933
0
220
0
1400
0
60
0
0
96.96969697
53.29799061
53.86111111
55.54216867
66.95652174
67.08333333
65.03308665
170.9677419
0
98.38709677
6200
96.82539683
0
990
112.8440367
0
395.412844
99.26205182
6600
52.5
813.4328358
67.02614379
0
99.78632479
5100
98.07692308
6968.75
50.16279965
62.06495098
694.5945946
98.97959184
700
223.75
0
99.7260274
2566.666667
67.375
14158.33333
0
0
780.66605
60.79248366
0
67.42256877
2615.882353
67.42256877
2583.333333
67.39130435
2583.333333
67.39130435
2583.333333
67.39130435
2615.882353
67.42256877
2583.333333
0
67.42256877
2615.882353
67.42256877
67.30769231
7667.020592
98.6205411
57.55555556
462.5
126.6666667
0
0
99.78723404
58300
96.83219178
121.6216216
65.73170732
540
59.0625
540
0
60.54054054
640
60.54054054
98.27586207
98.93617021
185.7142857
51.625
900
3478.077803
99.7646487
170
16583.33333
99.97779998
9000
98.9010989
81800
62.22222222
2371.167211
99.76653823
547.6190476
266.7279412
98.39598997
6134.375
66.63157895
716.6666667
154.4642857
96.84466019
1961.538462
64.95024876
0
0
0
0
54.51923077
0
54.51923077
0
19400
0
0
0
106.637688
0
99.10714286
8800
98.87640449
100
0
200
1766.666667
66.25
66.5
0
250
0
65.72222222
104.5454545
0
104.5454545
0
104.5454545
0
104.5454545
0
175.7575758
0
0
0
175.7575758
65.94202899
884.8484848
67.30769231
100
0
100
0
5866.666667
66.48044693
0
0
0
4880
97.99196787
33080
99.69861362
1000
64.90909091
0
0
0
0
1175
56.875
0
63.73729675
0
0
67.00854701
130234.6154
99.07929294
8505.591398
97.50162435
1341.860465
65.14516129
0
64.01709402
1070
643.5897436
60.5862069
0
1711.155914
66.13506494
1008.870968
99.33333333
1252.727273
64.82526882
11122.5625
97.92085512
495.1785714
58.23882388
2257.142857
0
97.91013584
287.9472554
51.86179922
0
200
0
54.02402402
587.5
0
0
100
0
5400
98.18181818
0
100
0
5400
98.18181818
63
4600
97.87234043
98.25581395
3566.666667
97.27272727
0
100
0
5400
98.18181818
0
0
1962.5
0
0
0
0
0
2847.368421
67.625
0
0
56
56
0
0
0
0
0
189.5927602
0
3890.066694
67.64783092
51.1007269
201.1538462
0
0
99.94579946
148366.2577
0
97.63344051
633.8916179
65.14018692
807.3777778
240.9090909
49.46666667
1969.26018
99.68044324
1506.27451
65.64208984
1506.27451
453.3854167
98.875
855.5555556
98.66190901
7650
96.77419355
0
97.69911504
198.0769231
0
174.0384615
0
1792.664165
0
0
700
0
67.30769231
99.28088166
404.1666667
161.8181818
0
63.875
50.76923077
0
60.81051404
0
799.0136364
67.52253733
590.0468384
0
0
55.77153481
245.8333333
51.44578313
0
66.79698303
0
535.6304985
0
164.1025641
0
99.65277778
12140
64.05228758
63.26923077
23300
64.97435897
0
65.79326923
17180
62.61111111
426.3157895
56.7
0
0
59.5
52859.03107
99.76921364
13129.09091
0
64.84537436
58.54545455
8165.109101
98.79009462
511.1111111
58.54545455
12492.59259
0
0
64.45945946
1158.448047
0
0
0
64.46705965
1165.150094
0
53.52095162
0
762.0756173
99.93287089
6500
67.17171717
250
0
338.2205029
54.0263065
97.57575758
135326.2238
0
0
65.54011976
0
3799.713631
99.9287697
860
62.70833333
1160
64.44444444
1160
64.44444444
1100
64.16666667
1160
64.44444444
700
125
54.44444444
56.875
0
0
100
0
61.35802469
199096.6038
99.69879005
58.33333333
350
433.3333333
52.5
4300
49.31818182
64.61538462
8700
97.72727273
3502.260274
0
0
0
0
63.82830666
1034.210599
0
786.8544287
0
170.7723516
0
0
0
112.9537622
0
0
155.8379132
0
51.44784118
263.7058436
0
99.71291866
34196.42857
66.25811378
2354.545455
66.43518519
1121.818182
0
250.3618134
0
56.42701525
895.3079484
62.45617703
6764.219467
61.42743093
0
472.2352941
55.41666667
52.31578947
61.56626506
900
64.75
2000.136054
66.14839769
0
147.6190476
0
147.6190476
98.18181818
300
98.70591017
0
233.8461538
49.03225806
1935.384615
65.48611111
146.1538462
0
11717.01978
98.25024215
1328.571429
65.1
796.6600529
99.55744053
7100
58.54166667
341.2121212
0
0
148.8888889
0
99.8723131
100
308.3333333
230.6122449
0
926.6666667
99.85883682
97.89473684
757.1428571
933.3333333
0
67.40740741
6009.090909
98.36309524
52.5
2133.636364
60.5982906
0
2133.636364
66.86609687
200
0
2133.636364
0
179.2045455
0
179.2045455
99.84297338
23900
0
361.5384615
98.52380952
119.3548387
0
150
0
3426.666667
61.06805293
0
0
400
56
100
0
300
52.5
0
0
50.68405797
0
0
0
824.2857143
55.88098918
0
0
100
0
97.14285714
3400
809.4581281
49.25138122
0
135.875
600
60
100
0
0
0
0
0
0
0
0
0
300
0
100
54.44444444
0
0
306.25
61.38461538
216.6666667
0
97.19400097
2778.571429
63.04747001
62.22222222
0
54.44444444
0
52.5
0
0
54.44444444
725
52
96.96969697
150
0
0
100
0
300
66.81818182
65.93023256
1100
0
98.41269841
0
180.4761905
64.29541596
96.875
30581.39535
0
0
0
0
0
96.875
300
65.99236641
753.3333333
63.984375
96.85314685
0
0
0
192.2077922
0
60.85980764
0
64.75
100
0
0
500
0
300
0
49
233.3333333
0
54.44444444
0
0
0
63.31818182
61.25
100
700
61.25
0
255.5555556
0
200
0
940
66.63461538
380
55.41666667
700
0
54.09090909
340
54.09090909
360
56
540
97.5
525
0
1850
57.88461538
0
66.5121569
64.4
168.3333333
58.22463768
319.010989
0
49.15625
150
56
96.96969697
97.05882353
0
0
0
56
98.36065574
250
43213.04348
99.67017524
0
25900
65.69230769
0
163.2142857
0
0
98.90988372
5766.666667
98.29545455
99.6126176
460
57.5
56
400
56
400
56
400
56
2983.333333
0
0
58.64864865
516.6666667
58.64864865
516.6666667
980
49.57398504
60.4317315
5257.142857
98.13333333
0
52.5
460
57.5
460
0
0
2212.5
66.97297297
8328.571429
97.21927966
98.47619048
6300
98.4375
17400
97.14285714
1212.5
64.66666667
1212.5
64.66666667
2450
2729.803922
97.39355084
0
286.7403315
0
97.01492537
2220
56.53556034
3371.148459
97.1191091
1322.969188
65.08070866
505.0420168
261.8518519
0
64.21527778
54.31372549
346.25
54.31372549
0
99.85074627
5400
51.47058824
24275
98.46153846
0
0
62.36363636
816.6666667
62.36363636
816.6666667
0
54.25
5900
97.35449735
740
650.4058442
66.72052461
0
7600
0
97.17514124
65.8
1566.666667
65.8
1566.666667
230
0
2870
0
107.3316283
53.375
62.63157895
64.16666667
700
2187.5
98.90710383
0
23900
64.75
172.6495726
58.58934169
1275
64.90909091
10653.27273
99.76751264
2642.307692
66.17110799
0
2642.307692
67.44740533
0
0
2642.307692
59.78962132
585.5769231
59.78962132
585.5769231
53.63807522
0
65.06818182
609.6774194
98.05068226
2060
64.2962963
0
53.2
0
53.2
97.91666667
0
0
0
97.88149351
1080.076628
58.70909091
0
11462.85342
99.13516157
2070.686456
66.77521368
0
669.7580645
60.90623363
669.7580645
185.8379169
0
65.45311682
52.5
5620
62.65734266
0
1274.567972
0
0
62.45802239
335.0649351
527.2636816
99.77791878
471.4285714
5439.831288
66.52516494
181.8181818
0
0
0
58.45307918
506.2222222
58.45307918
506.2222222
66.92082111
2173.333333
66.92082111
2173.333333
65.63884157
49.6875
174.6153846
0
0
145980
67.35135135
1195.238095
66.65441176
0
450
0
0
67.57609082
0
52.29885057
250
64.54545455
1183.333333
1267.300249
65.91652723
98.37177748
6041.666667
98.37177748
96.66666667
65.2859394
303.4188034
99.57627119
14750
98.98989899
922.7272727
154.2222222
0
0
1528.92562
99.74632166
2320
67.10743802
14300
66.11111111
96.66666667
60.14084507
63
0
49.80769231
3200
98.48484848
98.90251055
10585.47419
98.83018762
780
0
867.7419355
62.76666667
53.06451613
406.6666667
906.5789474
64.32679739
58.70967742
520
58.70967742
98.18181818
99.39944631
6500
98.48484848
13760
66.7003367
98.27586207
0
67.28682171
3404.761905
60.86956522
58.33333333
66.8215899
67.17353952
18100
98.3974359
13550
98.53479853
2100
64.03409091
593.3333333
59.90384615
2833.333333
67.61363636
4700
0
97.87234043
100
0
209.5480138
65.39412516
0
0
0
97.08333333
3328.571429
97.08333333
98.82352941
2516.541353
98.06896552
12757.14286
97.77777778
1064.285714
67.42331288
58.33333333
300
0
0
52.5
300
0
145226.2857
98.86462384
0
67.4137931
0
66.09836066
311.7647059
0
65.9495549
97.8956229
140
62.70833333
2556.923077
67.36537348
140
0
2433.333333
67.23684211
98.21428571
98.52941176
59.92348117
62.11304757
50.33444816
353.125
54.55172414
353.125
54.55172414
1462.5
3472.04
96.95412145
97.5
0
340
97.15909091
3900
61.6
200
0
49.16666667
50.08181818
67.1436142
2350.649351
67.1436142
2350.649351
0
97.2826087
97.8709675
99.89754742
8300
1089.927184
98.12413492
10488.23529
98.88888889
97.84482759
99.91569736
1775
67.17171717
11177.77778
0
634.375
98.93617021
60.97064792
67.5
67.2
20400
98.7804878
99.56521739
19800
99.49748744
67.52941176
0
0
0
97.37631184
51.33333333
11566.66667
58.66
62.59259259
4488
51.69136879
0
1804.761905
66.325
0
0
66.2962963
1790
99.18367347
1433.333333
60.86956522
5775
97.87234043
99.90418871
2150
63.79382889
0
0
0
0
0
1100
98.93617021
0
128.5714286
0
55
357.9843225
54.71563402
350
98.04964539
0
66.01884299
9631.924883
98.56143567
5032.230576
98.97937258
30663.63636
0
96.700491
61.4289062
0
0
59.74742268
13400
0
97.96803951
99.07894737
3900
0
0
50.55555556
61.4101881
0
50.859375
22450
0
0
66.11111111
588.8747616
98.32502769
58.8172043
0
150
0
52.5
400
0
65.51829268
15011.11111
53.52941176
99.95617647
208344.4444
66.53731343
57.27101293
0
67.08333333
33650
99.20987654
52.5
972.7083333
61.84307633
0
0
0
197.1428571
58.22115385
494.2857143
0
50.06329114
2556.875
97.36532581
239.2857143
50.84210526
3772.281167
97.4175429
99.77876106
359900
98.95833333
148.6772487
98.29787234
0
67.34500379
1100
65.95079787
98.54483817
0
2753.603604
99.33405683
634.2222222
59.74576271
734.7107438
62.2029703
0
0
174.1814429
0
0
0
0
98.2421875
1160.740741
63.07
260.6060606
236.1344538
98.79931389
96.96969697
900
233.3333333
59.5
566.6666667
5145.062027
98.82740826
3102.933985
97.4980916
66.81818182
66.81818182
66.81818182
806.1337341
99.03013393
6114.039125
97.98333333
159243.9883
50.64329233
97.87234043
0
99.99094744
112900
180.420354
99.40828402
7628
98.70600414
113.3333333
0
3526.666667
55.84558824
49.63636364
385.625
1881.981982
67.5
54.0566976
0
65.8597561
477.3195876
57.875
765.9793814
62.44791667
562.0689655
59.42708333
2914.818032
98.04795599
0
0
0
6680.116959
63.23788166
114.2857143
52.30555556
1007.692308
63.77840909
0
1677.834144
66.26789084
0
67.56944444
0
67.31914894
34252.85714
0
62.39130435
0
440
0
2900
0
49.375
895.6709957
97.56521739
99.69729399
300
191.6666667
64
200
100
98.12392796
66
3900
0
64.23076923
0
0
0
0
0
49
66.875
1260
98.71929825
65525
98.48888889
638.1803616
63.50248405
0
50.344
7592.307692
99.81481481
1925
650
0
55.51724138
600
0
56.645469
530
97.89473684
0
0
58.66666667
67.59803922
1928.571429
65.56338028
0
0
54.44444444
0
0
395.2380952
417.6282051
0
0
0
99.35483871
562.5
1804.761905
66.5
60
18100
98.9010989
0
60
0
98.21428571
99.97113334
3900
0
65.59748428
98.29059829
98.08510638
1900
2916.428571
49.11437367
3333.333333
97.08737864
0
0
0
3471.428571
97.2
0
0
62.1474359
0
97.11741529
15885.30762
99.0502451
4835.483871
97.97385621
15885.30762
99.0502451
4835.483871
97.97385621
7104.502814
98.99305556
6417.241379
97.93650794
9500
98.97762346
4484.90566
97.81893004
4056.036578
99.04411765
5092.307692
97.96825397
13141.37931
99.04761905
6735.9375
98.00380952
8142.424242
99.00568182
4614.285714
97.87878788
5458.312655
98.99305556
4555.172414
97.85185185
5391.205491
99.01855469
16218.40796
98.06097561
8891.735537
99.0162037
8238.235294
98.00705467
14489.66565
99.03935185
8032.53012
98.02962963
5659.100141
99.01258681
5438.461538
97.91666667
3968.141368
98.99305556
5951.724138
97.92022792
6014.649682
99.01855469
4676.119403
97.90625
99.14383562
23900
58.33333333
100
0
4900
98
300
98.7012987
61.62679426
12674.19355
96.96969697
99.20212766
0
96.89716312
64.49312385
0
98.36690256
2600
61.58212766
1097.452229
98.29343972
99.9803619
5315.384615
60
99.98670476
3900
0
0
0
0
0
99.19354839
4100
97.61904762
129.1666667
49.63636364
243.75
49.63636364
243.75
49.63636364
243.75
49.63636364
243.75
49.63636364
243.75
49.63636364
243.75
49.63636364
243.75
49.63636364
243.75
49.63636364
243.75
49.63636364
243.75
49.63636364
243.75
49.63636364
243.75
49.63636364
243.75
49.63636364
243.75
49.63636364
243.75
49.63636364
243.75
49.63636364
725
0
59.04113736
97.02388743
124.2257651
0
0
0
0
0
66.49034364
98.99022801
9803.225806
0
386.4348255
55.45402174
1186.774321
64.56004065
0
99.4
1983.333333
98.90786517
65.54251813
6471.428571
98.55072464
1025
63
1550.793651
0
0
133.0532213
64.90909091
65.16751977
100.9225048
57.6953125
98.33333333
98.81656805
11520
0
61.25
5300
98.14814815
62.68292683
460
2900
97.07259953
10700
0
99.21568627
7154.142499
99.10726826
5209.734513
98.09583333
654.0232615
99
4587.5
97.86666667
556.1035953
98.97762346
4484.90566
97.81893004
98.96774194
67.39130435
900
0
700
4175
98.24561404
0
66.34782609
97.97979798
1775
53.52941176
34700
98.27586207
57.60533937
0
65.38
99.95179199
1775
0
0
99.85286481
1775
56.80183139
0
166.6666667
67.30283505
99.002849
1775
99.43910256
900
200
280
98.24561404
55.09888238
96.66666667
10780
98.65196078
8845.454545
98.88211382
99.09297052
62.44549419
65.75757576
1900
51.4869233
96.66666667
16220
98.87663399
10634.54545
99.06842818
56.875
97.89473684
233.3333333
200
58.33333333
500
4460
98.24561404
96.82539683
1775
97.84946237
1775
2466.666667
55
98.45559846
98.03439803
1169
97.91666667
99.97630339
44900
99.55555556
891.6666667
99.97647405
44900
64.86666667
12263.63636
98.75306373
9570.761671
98.96595528
99.98822098
5900
6700
98.20772059
6628.205128
98.51371951
99.1872141
99.55758769
99.55562171
99.98111965
5150
8776.190476
98.52467811
0
8845.454545
98.88211382
0
97.77482839
8060
98.34558824
7188.888889
98.62804878
62.8
98.93162393
63900
887.5
21614.28571
97.36842105
60
97.61904762
98.73417722
65.625
63.63636364
13400
61.25
97.22222222
63900
881.25
99.36305732
52.5
136700
98.24561404
97.24137931
7900
600
485.7142857
64.02439024
885.7142857
67.10869565
98.24561404
99.0990991
235.2380952
98.86363636
99.38886239
0
900
325
1279.032258
98.24561404
99.95917256
11900
833.3333333
65
99.76851852
1460
6474.495272
66.72393687
1125
61.42857143
1050
0
96.94736842
61.46341463
98.68131868
5900
0
100
63
98.24561404
99.97670058
47452.23881
97.89704959
533.3333333
98.93842887
7141.37931
97.61904762
609.5476662
98.97762346
4484.90566
97.81893004
596.5086227
98.97762346
4484.90566
97.81893004
686.8809846
99
4587.5
97.86666667
6230.668853
99.02161215
3959.701493
97.91207108
66.81818182
1265.651713
98.984375
4515.384615
97.83333333
66.81818182
682.8918274
99
4587.5
97.86666667
630.9770895
98.99305556
4555.172414
97.85185185
637.439791
99.0162037
4664.705882
97.90123457
66.81818182
66.81818182
1276.962776
99.03571429
4761.111111
97.94285714
948.3045619
99.01855469
4676.119403
97.90625
54.44444444
23450
98.93842887
99.98479086
140900
65.72222222
0
62.22222222
57.84210526
153.6405055
98.5044416
200
0
17235.89842
99.06881313
4933.898305
98.01346801
67.01704545
51.33333333
11900
99.0375
4770.12987
97.94666667
2374.758324
98.97762346
4484.90566
97.81893004
3667.728124
99.07142857
7808.653846
98.04660588
8302.051282
99.01855469
5074.129353
97.92307692
4484.90566
97.81893004
18251.80723
99.0502451
4835.483871
97.97385621
9161.595547
98.96875
4445.454545
97.8
0
4886.052999
97.99440559
9161.595547
98.96875
4445.454545
97.8
9161.595547
98.96875
4445.454545
97.8
21893.12715
99.07875
4988.195387
98.03466667
3556.986435
98.82741261
3715.309842
97.49840764
8530.945214
99.04017857
4783.72093
97.95238095
3466.04392
99.03935185
5104.819277
97.96296296
21893.12715
99.07875
4988.195387
98.03466667
63
99.66777409
5733.333333
2330
99.70934073
4833.333333
98.4
52.5
99.72222222
35900
0
97.91666667
0
98.64864865
35500
98.87640449
98.37837838
99.95008873
13400
0
406.8518519
0
0
63.04861111
55.97933638
67.40740741
250
99.9905303
100
2100
66.81818182
400
56
9745.454545
0
58.83544304
144.2857143
0
97.85539216
99.92592593
14900
0
65.88235294
0
58.18615083
97.91666667
62.21099888
50.02881844
930.3030303
66.03676471
1880.709349
66.46591258
731.1688312
61.578125
52.5
98.41269841
99.49494949
47900
61.25
0
54.64095745
0
99.99450074
211400
0
0
99.60715028
300
200
0
1400
99.66666667
1900
66.5
1900
66.5
1900
66.5
1900
66.5
1900
66.5
1900
66.5
1900
66.5
5900
98.33333333
5900
533.3333333
147.3684211
49.14893617
0
62.30769231
96.77419355
0
0
58.33333333
23450
98.93842887
98.86363636
0
0
0
61.25
650
0
471.4285714
99.78813559
400
0
50.60750044
0
55.59615385
0
0
99.94501718
19300
0
1277.990431
64.92013889
22700
698.245614
98.96978022
0
3900
97.40740741
11900
0
0
0
66.5
1733.333333
22700
64.24342105
99.78813559
400
1327.272727
98.93842887
5900
99.95199448
189900
66.97894737
23450
64.42675159
60
3900
0
3190.501792
67.63629432
1900
99.78813559
400
0
281900
98.93617021
337.8109453
98.4375
700
0
0
3900
0
67.60393332
97.22484695
6557.142857
98.92703863
99.9693456
181900
96.92307692
61.27373111
2271.428571
96.98795181
67.27857948
0
5605.128205
97.49598716
0
65.96153846
170900
98.24561404
58.29410284
61.33050248
65.47588562
5100
96.73076923
0
0
0
0
99.56896552
275900
98.09782609
139.7308782
98.7855612
60
3900
96.96558227
190.4435019
0
98.8179669
1432.432432
62.36111111
2809.090909
67.59375
1422.297297
176.9640479
67.22355769
2809.090909
67.59375
32471.42857
98.24561404
99.78813559
3650
11087.27757
55.40008216
0
650
98.05250305
8150
0
97.0212766
60
62.55319149
66.38214369
0
0
53.52941176
99.35064935
99.02097902
5100
0
0
96.96969697
28546.15385
0
50.55555556
0
64.16666667
0
0
0
0
0
0
449.131016
0
64.49300699
0
2940
0
0
97.45762712
129.1666667
629.9173554
57.44565217
544.4444444
59.13793103
1766.666667
65
0
0
346.25
0
215.3333333
0
0
327.952381
0
0
67.14996303
0
55
400
56
5000
98.03921569
19854.02299
97.66129032
50
2110
97.36048265
9500
96.875
0
50.26315789
254.6666667
528.5714286
0
0
98.93617021
0
65.14632571
97.59615385
0
60400
99.83471074
47517.78846
59.12171235
98.64864865
2634.375
540
59.6875
353.8181818
720.5128205
97.15169271
0
98.06744913
1933.898305
65.26
98.16616361
0
0
61.25
0
0
63
2600
97.03703704
0
0
66.27659574
0
0
54.05555556
0
27900
67.5
65.96153846
51.83371513
0
96.92682927
0
5154.079254
97.96756384
99.9763202
14620
0
0
60.99415205
677.2727273
97.61904762
64.16666667
99.96356766
1900
49
700
0
6928.571429
67.31255646
1651.605184
66.00366563
0
0
0
0
67.52941176
60665.71429
99.83543352
60665.71429
506.0606061
56
31519.04762
98.79518072
2316.666667
0
53.61702128
3900
63.31818182
351.1062634
0
97.67691358
8071.900826
98.56644417
52.5
1775
99.25
0
64.60416667
22170.27027
99.5049555
25475.75758
99.37796209
66.55652174
0
60.64327485
59.0625
100
0
49
1362.222222
67.60638298
4566.666667
123.8095238
97.87234043
500
350
0
97.02380952
2476.785714
99.22383922
275
51.33333333
109.0185824
99.52721106
62.22222222
3358.823529
98.7244898
180
0
180
0
180
0
180
0
180
0
180
0
180
0
180
0
180
0
180
0
180
0
180
0
180
0
180
0
180
0
180
0
180
0
180
0
180
0
180
0
180
0
180
0
180
0
180
0
180
0
121.8566205
99.3676324
4870.568182
98.74259848
180
0
180
0
180
0
180
0
180
0
180
0
180
0
180
0
180
0
180
0
180
0
180
0
180
0
180
0
180
0
180
0
180
0
180
0
180
0
180
0
180
0
180
0
180
0
0
6130.769231
67.40740741
400
2380
99.19354839
56
97.61904762
98.80952381
1400
98.43960839
2257.142857
96.96969697
96.77224652
0
99.46902655
49.41176471
96.77419355
58.25174825
100
64.81481481
0
100
65.8984375
0
67.40740741
926.6666667
0
57.84722222
584.4444444
100
97.22222222
67.47222222
0
63.68055556
208.5714286
0
65
57.88461538
0
203.5714286
0
99.7972973
566.6666667
0
0
59.5
2600
0
98.125
98.33333333
300
98.125
52.5
100
65.57638889
96.66666667
98.33333333
65.33333333
0
100
65.91666667
0
96.875
500
98.14814815
56.38888889
64.75
97.42326639
52.22573306
433.3333333
67.62337662
62.15779468
0
0
0
0
0
0
0
566.6666667
0
0
0
56
66.11111111
0
0
66.11111111
0
0
0
0
0
98.94957983
0
0
67.46027055
66.50860624
56.66666667
98.85452463
0
0
0
200
98.72340426
99.20212766
2720
0
97.83687943
64.96057283
1846.288156
0
97.10104843
2324.514247
51.15384615
52.5
96.93515704
0
98.25
98.93617021
98.93617021
99.23861733
98.65263158
2837.5
67.20744681
0
67.13297872
52.31292517
66.39095745
97.90871067
98.93617021
98.98989899
66.46464646
1780
97.87234043
61.25
98.56382979
132.5786816
98.67678861
98.93617021
0
67.00265957
98.93617021
98.63864137
99.30603891
57.06117021
66.23117431
156.4102564
63.04861111
0
97.61012301
98.36065574
56
66.09042553
64.13457469
455.5555556
67.22280585
58.24
63.29787234
66.8178272
130.7692308
61.17415288
98.81144534
98.66356383
98.93617021
52.87116399
0
62.76607308
98.93617021
0
97.36702128
98.93617021
0
0
66.11938534
98.93617021
0
67.56286267
8900
98.91252955
3002025
0
97.99601064
98.93617021
98.93617021
56.15384615
100
67.34042553
98.93617021
98.93617021
98.96907216
0
67.40206186
1988.888889
0
63.91249398
2052.941176
66.74863388
0
60.54520785
52.5
148.8888889
0
0
52.5
319.3333333
65.625
96.66666667
97.17647059
2741.666667
67.3313783
238.4615385
49.31818182
66.30270009
1656.720349
66.28871398
118.1088873
65.17241379
3740.070922
56.36078431
96.66666667
51.60175603
0
2525.26096
96.99880716
96.66666667
96.66666667
96.66666667
96.66666667
96.66666667
96.66666667
97.95918367
97.95918367
96.66666667
96.66666667
96.66666667
96.66666667
96.66666667
96.66666667
96.66666667
96.66666667
96.66666667
96.66666667
96.66666667
96.66666667
96.66666667
96.66666667
96.66666667
96.66666667
49.80769231
0
5684.291899
65.781679
111.1986374
1873.28629
99.31340996
2139.583333
0
67.12722298
1028.571429
60
60
1510.59413
98.4
63.46997625
1142.55814
64.36646079
57.30232558
57.31793562
56.6536549
426.8817204
63.75
0
56
65.72878459
54.74945534
0
575
0
100
0
3711.428571
97.37631184
100
0
2675
66.84684685
691.7
61.15826702
56
40269.02655
99.9465812
11950
0
0
299.1683992
67.56944444
98.94736842
57.69822485
490.4761905
58.46153846
511.1111111
66.92982456
2025
99.97591284
95900
62.2890625
1100
98.17708333
99.99092312
230900
58.72727273
56.44150863
66.19581958
99.36507937
15800
7430.791789
98.14814815
0
0
0
65.90561648
142.4242424
0
6275
98.03921569
809.2222222
62.30111206
67.0178625
51.96489067
67.60994486
365.7709533
0
99.39903846
3200
96.96969697
3380
97.12643678
14300
51.50617284
581.8181818
98
633.3333333
60.45454545
99.97626364
4333.333333
99.49845679
20900
99.97093023
3900
99.98815716
426900
0
67.40740741
232
96.89085952
756.1320755
96.6857385
186.7647059
66.24064981
274.9991374
63.96096491
189900
98.94736842
98.94921191
60.83881364
0
65.25888158
0
357.03125
54.60149573
97.77777778
4400
99.50564657
3509.375
99.48051948
4566.666667
97.85714286
4900
0
0
98
2900
96.66666667
1500
61.25
0
250
50
3983.333333
0
0
98.71052632
98.46770778
634.6641538
0
213.9705882
0
61.67423148
59.55558837
51.51577503
62.54545455
67.40740741
2500
0
0
500
0
108.4745763
65.6097561
0
0
65.46296296
1442.857143
2036.864847
0
0
119.3455082
20400
97.56097561
0
99.88304094
800
617.9487179
98.41269841
300
119.375
62.02279202
420
58.75985663
434.375
0
0
66.29385965
99.98234278
5900
62.22222222
6233.333333
98.24561404
717.1428571
61.43356643
50.52419355
259.4202899
66.61290323
66.5
400
98.94587619
2600
0
0
1022.839506
65.6864411
54.27627628
96.96969697
4685
98.95506792
9470
99.9754424
23700
0
98.50746269
66.70588235
10100
98.03921569
962.5
63.41176471
0
99.4
173900
98.27586207
65.33333333
8700
58.06818182
67.2
2400
99.70631424
4700
2150
66.11111111
0
99.55357143
22053.84615
98.40016367
1168.227425
57.52109705
67.30769231
1433.333333
0
0
340
54.09090909
7400
66.5
62.53333333
837.5
753.3333333
0
0
63.2410064
1005.066667
64.16666667
900
0
99.98796596
8650
1147.563353
96.875
100
0
300
52.5
175
99.14070892
11900
0
98.29787234
5900
99.88317757
56900
97.66081871
52.5
99.02777778
10300
56.6653439
65.33333333
55.49352121
65.60209424
56.94638695
62.08333333
53.19062585
66.13157895
99.04761905
99.35332158
13500
98.52941176
0
98.90710383
9171.428571
66.61461027
302.2205045
0
0
63
0
980
99.98296422
129900
65.15384615
99.97540002
59300
0
0
97.43589744
6806.25
54.3667081
62.70833333
66.390625
15415.15152
0
60.046875
57.69230769
0
65.51282051
6012.5
0
100
98
5650
0
99.9853733
189900
67.34736842
99.57983193
25042.85714
0
99.09090909
950
1060.714286
97.7481103
142.4242424
62.56545852
293.75
97.46031746
800
0
49.22105263
0
1600
97.05882353
237.5
49.25925926
99.89583333
2300
66.25
0
99.0990991
99.92647059
3900
65.625
1500
63.63636364
1075.757576
0
0
97.27272727
3900
0
0
0
99.80198733
7900
0
0
0
65
1400
0
0
0
0
0
99.41964286
9900
400
0
62.15086646
97.91666667
0
63.42012011
98.26886342
0
0
0
53.6438383
97.39583333
9500
63.61019737
97.39130435
5900
50.49374674
0
0
96.875
427.7777778
99.97961432
7950
66.36538462
4344.444444
0
99.97659406
130400
98.85057471
156.6666667
263.6363636
0
0
98.75222816
45900
98.91304348
10700
99.07407407
1533.333333
65.71428571
0
0
0
67.63434039
98
5285.714286
99.71590909
36462.5
54.44444444
350
0
0
66.22177689
0
875.8653846
67.31007981
1144.444444
0
200.281294
300
0
62.12520988
0
0
0
338.1613757
54.02415094
0
57.21153846
1011.111111
63.33333333
64.67125
217.8981938
50.07747934
0
0
0
192.0289855
0
289.7435897
0
54.09090909
390
1265.05425
0
63.91028987
1127.040635
0
57.16917572
0
823.9583333
66.44870349
0
0
99.54545455
204819.4595
66.58402378
775
65.16444444
64.44117647
1247.5
63.83116883
1034.736842
63.83116883
1034.736842
63.83116883
1034.736842
0
0
99.16666667
300
0
18435.41667
99.6403282
612.5
353.3333333
54.55882353
321.0526316
0
59.11111111
1622.767857
0
271.6450353
0
0
65.47058824
0
41233.33333
98.92473118
0
0
726.875
0
0
97.4025974
3750
64.70588235
54.44444444
5675
97.22222222
3650
99.58823529
24185.71429
58.41987953
3136.42732
99.16666667
56.36363636
99.79292972
37900
97.23684211
98.87625418
1614.285714
0
406.25
67.40740741
2728.395062
67.52509821
514.3333333
0
0
130.375
99.99625986
550300
0
99.29577465
1450
0
1127.272727
65.33333333
2600
67.40740741
0
0
0
0
0
0
99.6742671
243900
98.46311475
98.35641553
65.6656613
61.25
175
0
67.59016393
99.59819488
0
476.9230769
57.03703704
98.83040936
9066.666667
8628.571429
98.36333879
99.96791577
9100
98.36065574
99.99471231
9500
0
99.88699617
378.125
0
98.35980772
99.53684211
53900
0
0
0
0
0
63.18647541
59.99298501
61.9414639
63.91513503
62.27678839
52.5
50
250
505.4945055
96.72131148
0
0
63.59672131
0
66.92829939
98.35612044
60.66322968
1100
97.5308642
99.98660268
239900
225
66.69004525
99.92567938
2140
99.9162571
1900
99.97978748
119900
400
97.00925926
56.08877954
58.94968862
99.96747892
419900
97.09183673
99.98386771
599900
97.06363636
99.07550077
0
49.21185102
55.84782609
97.78726327
0
0
0
301.249505
98.42105263
60.44290939
757.1428571
58.33333333
200
58.33333333
500
56.79007908
0
0
54.8463835
63.17610063
50.49751244
328.5714286
0
3500
99.44444444
17900
52.5
63.77777778
96.96969697
3900
200
0
97.05882353
4400
62.78125
765.4545455
61.99766696
328.5714286
0
0
0
0
0
0
0
300
0
52.5
63.61266294
971.4285714
0
0
99.99109018
190714.8148
67.65217391
61.25
2487.5
63.75328084
312.5
0
64.38546827
358.3333333
99.48849105
20809.09091
196.5217391
0
67.28841146
841.1764706
52.5
0
54.44444444
63
12837.5
0
67.46634027
2775
0
0
0
60
0
0
0
0
0
200
62.83154122
300
100
0
330.976431
52.5
425
66.66666667
605
0
0
62.68383725
0
575
0
200
0
0
96.66666667
16507.14286
0
0
232.1428571
0
0
0
3050
5614.285714
98.25
99.73333333
120.4724409
0
0
0
65.97605695
54.22861364
64.89981785
0
98.35835398
50.51945873
0
185.6696429
183.3160073
66.11111111
1700
61.54313236
97.05882353
486.6666667
97.33333333
4400
66.11111111
97.5
3900
98.94223424
98.38709677
5150
0
119.7619048
0
0
98.21428571
5900
0
98.64864865
7300
0
0
104.56621
66.29807692
2376.190476
67.30769231
0
0
96.66666667
2900
0
0
98.93162393
1550
506.0606061
104.56621
66.29807692
0
0
0
0
0
0
0
693.3884298
98.046875
0
0
0
0
5525
60.66666667
58.33333333
98.75
8766.666667
11950
97.9253112
269.1227125
97.35688889
0
64.54435889
0
67.51058105
69568.75
97.84695434
99.79125841
900
304.4518547
97.41299302
99.96272436
5500
63.35863378
300
800
62.22222222
9400
97.89473684
0
0
47509.18367
97.89956491
105.4882523
57.45598847
0
0
0
0
62.70833333
65.3902439
12344.44444
98.21428571
407.5
56.20689655
0
58.74269006
566.6666667
0
0
0
0
0
97.91666667
4900
0
97.59615385
4025
0
0
0
0
0
0
0
0
0
0
0
98.35899598
1233.333333
103.7037037
98.18181818
108.3333333
0
4900
98
66.11111111
99.91336076
1775
0
55.89767213
156.7567568
97.56578947
700
61.25
700
61.25
700
61.25
700
61.25
700
61.25
700
61.25
700
61.25
700
61.25
700
61.25
700
61.25
700
61.25
700
61.25
700
61.25
700
61.25
700
61.25
1020
99.25986842
64.54697987
66.76923077
62.79532164
54.44444444
97.56944444
0
65
2983.333333
0
55.41666667
516.6666667
0
53.77796783
58.54545455
99.98251748
11900
0
0
0
0
67.5
520
54.42364245
63.58333333
99.67426333
58.33333333
0
200
66.5
119900
96.66666667
99.56490241
0
99.91188141
20627.27273
96.78362573
0
98.83889695
9066.666667
0
61.35802469
816.6666667
57.27272727
97.82674772
65.33333333
98.03827013
2166.666667
65.4248366
99.14712154
52.93813406
235.6473024
98.84615385
5500
67.5
0
61.25
1900
66.5
2642.307692
66.17110799
1728.205128
67.44740533
2642.307692
0
57.99220273
585.5769231
59.61497205
0
59.85
0
0
0
0
99.99698817
22066.66667
0
0
49.59008835
0
96.77419355
100
0
300
52.5
1494.414063
98.59038883
61.25
506.2222222
0
66.92982456
2173.333333
52.44475898
66.64893617
56.81518851
62.89583333
64.75
63.87369598
756.9604087
67.13114754
0
99.98670343
278900
66.73835125
97.91666667
67.27842985
50.24101596
97.79411765
99.44306931
64.93421053
263.6363636
0
97.49380355
0
0
98.8
416.6666667
99.99250615
239900
62.93636364
99.97971311
5150
63.33333333
99.57446809
400
0
98.31578947
99.84962406
94900
66.46315789
2700
67.08333333
65.78633784
55.40942928
100
462.5
0
0
0
99.99114575
563900
97.16312057
99.90163093
101900
0
60.39215686
2479.813665
67.38353196
0
98.53479853
2300
0
96.79487179
145.2012384
96.96969697
0
66.11111111
500
0
0
6902.573099
98.82186164
51.7876739
63.54564756
0
98.08188266
98.40236686
344.4444444
57.94553361
0
61.11968085
99.00793651
66.21394231
56
99.3880049
1422.222222
63.63636364
31900
63.92081737
0
0
56
66.41025641
98.61111111
33900
99.83076564
39900
65.1
1125.324675
0
67.05528846
2350.649351
97.85714286
3900
49.52109603
64.84692308
317.9728318
52.62222222
0
751900
98.93617021
61.67127321
0
58.33333333
1500
0
63.5694551
0
0
0
65.05000505
0
0
99.7900314
5200
0
406.6666667
96.71052632
0
58.33333333
0
9500
97.91666667
73900
97.2972973
96.66666667
100400
98.50746269
0
65.92633702
407.1534467
96.66666667
164.3207856
98.1273977
1672.487196
96.66666667
0
97.75390625
1244.927536
96.66666667
261.7202108
98.41976768
1871.609786
96.66666667
0
58.33333333
400
0
58.33333333
50.81481481
0
168.2926829
51.08132099
52.19298246
98.85057471
2300
0
55.37095089
378.5
0
129.0076336
0
67.65025575
2879.047619
51.20204604
272.3809524
0
114.0468227
52.5
65.06818182
683.8633687
60.75637801
0
51.47058824
62.22222222
3204.166667
169.3568726
0
0
0
65.61904762
1508.695652
65.64864865
1508.695652
65.64864865
2750
235.0877193
18100
98.9010989
99.77158747
52.5
780
10027.38636
66.64915374
66.71835557
2033.076923
0
0
60
98.57142857
48504.83871
61.35888502
60.66666667
65.02042901
0
0
0
0
1372.895768
0
98.96907216
582.4038462
0
0
668.90975
63.08585757
62.71826625
861.3095238
0
0
58.65866957
4300
59.15909091
53.92857143
700
50.55555556
0
98.33333333
36263.63636
98.33333333
98.33333333
62.22222222
62.22222222
62.22222222
0
56
62.22222222
60
99.60935019
9580
98.96694215
4500
63.91304348
51.8
67.66331979
600
0
64.36781609
0
0
10340
67.49680715
0
97.70409115
5834.163934
98.63113372
4775.573921
66.73698088
0
98.30508475
98.30508475
97.40346947
0
0
164.1456583
173.9130435
0
0
0
492.6773455
58.70828437
0
0
62.22222222
62.22222222
98.24561404
0
56.65254237
98.24561404
191.6666667
98.24561404
62.22222222
300
0
97.56097561
66.67502309
0
55.59176672
3921.381579
62.16687117
97.22222222
3300
0
97.07602339
800
277.7777778
53.52941176
300
52.69886364
59.37931034
400
0
0
267.3469388
0
66.19827586
0
0
0
0
63.58333333
257.1428571
0
951.3333333
97.93119848
1634.8659
65.3485502
57.59204953
464.1544118
57.59204953
0
588.6077217
59.33462106
59.68046875
705.5113937
61.30986842
1462.100031
64.6265958
0
182.8409091
0
0
98.71794872
5300
98.14814815
0
67.38490566
102.020202
0
4195
0
166.6666667
66.13541667
0
97.71428571
3353.125
1856.923077
66.42295597
49.72850679
245.3125
49.72850679
100
97.22222222
300
265.625
60.42735043
150
0
66.11111111
148.1527094
98.12865497
98.24561404
66.92982456
0
61.6
400
56
55.02777778
2664.285714
65.56847545
400
0
67
150
98.24561404
59.62962963
0
552.5
49.61685824
100
64.35087719
0
0
0
0
64.4
2800
63.36206897
300
98.17073171
347.0588235
0
67.30769231
2800
62.75862069
0
60
600
60
600
100
100
63.6969697
0
97.08015488
3389.361702
97.13414634
300
66.28787879
2100
98.86363636
373400
98.98259705
702.6315789
1533.333333
97.95918367
400
0
300
66.39705882
50.3125
866.6666667
64.04597701
0
900
96.66666667
0
300
66.91176471
67.28040541
685.7142857
354.5454545
67.2
2800
64.85862069
226.6769073
66.05015674
3633.333333
66.609375
150
0
66.7441358
0
0
96.84542587
1982.5
0
0
98.07923169
5362.5
0
173.125
0
54.80263158
63.89792899
2800
99.98084291
20200
53.03030303
0
0
96.66666667
300
1550
0
67.413273
116.0864346
102.2222222
99.80769231
51900
63
0
2800
66.98275862
604.3733333
0
67.58833922
2802.564103
67.58833922
2802.564103
335
0
61.51515152
650
62.23
0
163.6363636
61.55172414
1150
66.76470588
56.875
300
57.27272727
891.6666667
64.82352941
98.24561404
0
0
0
61.49137931
60.07092199
836
0
0
61.4893617
836
0
0
52.5
96.875
60
500
503.7037037
62.26993865
62.22222222
66.5
1900
5300
100
64.66290509
0
51.05263158
269.4444444
51.05263158
269.4444444
0
96.68674699
0
0
64.71875
98.42105263
8185.714286
98.79310345
54.44444444
350
511.1111111
58.54545455
0
63.17073171
52.5
200
0
0
0
0
0
0
49.27184466
337.2505346
66.19455142
151.7241379
0
655.1724138
60.73059361
53.10344828
58.33333333
62.34972678
0
122.2222222
1932.5
66.55596556
136.25
0
725
61.51515152
5400
64.94090909
2993.333333
66.47988506
98.66962306
6028.571429
58.34965035
0
123.951049
300
63.84631148
54.33566434
346.875
63.14685315
189.2156863
57.27542373
0
0
98.21428571
300
900
58.70967742
60.83636364
56
860
63.4375
97.91666667
0
67.23640921
273.0994152
51.23824451
659.0643275
59.61864407
98.07692308
56
920
63.82352941
98.27586207
98.27586207
0
0
66.5546875
97.88359788
4300
97.72727273
4625
113.3333333
0
5233.333333
98.125
753.3333333
61.796875
98.58156028
0
97.36842105
3657.142857
97.74397972
0
0
0
221
1239.563863
66.74418605
0
0
64.75728971
0
114.375
198.5422741
0
133.2361516
0
0
114.375
4308.163265
97.73148148
150.728863
60.23255814
185.8333333
97.19298246
98.24561404
98.24561404
58.33333333
61.40350877
98.24561404
65.61944656
135.2941176
0
98.24561404
379.7660819
60.27303754
0
645.6140351
65.50147059
0
366.5959703
54.99772727
0
0
61.71052632
58.08342633
300
64.77384868
0
0
49.15625
2367.348544
66.15625
0
4566.666667
98.21428571
207.5
919.5121951
64.04572036
0
0
139.5955882
55.39205156
446.1805556
815.4481882
0
63.31395349
402.173913
53.03030303
100
150
1900
100
100
98.24561404
98.24561404
59.0625
100
67.13450292
100
0
0
97.0703125
119.0740741
151.0566357
0
54.02366864
4300
63.02946128
447.7599324
99.00645516
0
1625
62.56038647
290.9090909
98.27586207
64.95242403
52.37847222
303.4482759
0
2695.294118
63.78039656
0
58.8
140
62.70833333
2523.076923
0
0
63.36842105
955.5555556
0
111.1111111
99.06017391
1100
0
49.40379404
740
97.61904762
2618.75
0
138.6363636
99.98006398
4550
0
2971.428571
60.82945736
99.40828402
2900
463.3333333
437.305952
56.86742071
51.50943396
270.8333333
63.70786517
200
0
7650
51.93548387
66.5
96.66666667
2900
1012.5
99.08980475
160.8695652
0
98.38060283
1975
66.62650602
99.92443539
209.7826087
300
300
0
250
514.2857143
0
300
66.34782609
98.62297253
53900
66.41025641
300
0
0
65.33333333
6910
62.88900472
52.79773157
306.9230769
64
300
933.3333333
50.43010753
63.4375
50.43061001
0
53.41733333
99.41413646
1700
52.5
900
58.11320755
614.2857143
66.37890494
0
185.7142857
155
64.11641805
400
57.25389764
0
97.42647059
614.2857143
905.5718954
67.35368676
614.2857143
0
98.10606061
5900
257.8947368
66.60294118
51.06918239
1290.909091
257.1428571
0
0
0
100
700
64.16666667
56
0
50.07821852
97.69410917
636.1111111
1275.471698
64.34343434
205.5555556
0
0
446.1302349
66.37763996
64.77079796
1252.380952
862.2405486
64.18153017
208.1664099
0
0
366.11387
65.46869661
62.2633076
566.6666667
1274.107143
64.26900585
200
0
0
675.4535097
96.91028424
66.53631285
3442.857143
1188.306452
64.80264302
244.2622951
49.66666667
0
62.22222222
0
52.5
0
8857.142857
98.88357257
0
0
8911.857708
98.89035088
52.5
0
8742.307692
98.86907351
0
51.44249513
9420.786517
98.94966661
0
65.88235294