500
8.333333333
1100
9.166666667
1700
9.444444444
500
8.333333333
500
8.333333333
1100
9.166666667
1700
9.444444444
1700
9.444444444
1700
9.444444444
1900
9.5
1700
9.444444444
1700
9.444444444
1900
9.5
0
9.117647059
0
0
0
0
0
0
0
9.117647059
0
0
0
0
0
0
1700
9.444444444
1700
9.444444444
1700
9.444444444
500
8.333333333
1100
9.166666667
870.5627706
99.37555754
1900
20300
99.50980392
5900
1700
9.444444444
0
3005.555556
99.64221825
1550
9.393939394
1550
9.393939394
1550
9.393939394
1700
9.444444444
0
8.333333333
0
8.333333333
500
8.333333333
500
8.333333333
100
8.333333333
0
8.571428571
0
500
8.333333333
1700
9.444444444
9.598583235
233.3333333
7.5
300
8.75
242.8571429
9.444444444
1700
9.444444444
1700
9.444444444
0
8.333333333
1700
9.444444444
1700
9.444444444
500
8.333333333
99.73901406
11733.33333
99.85915493
1100
2530.166667
99.6831633
31462
99.6831633
1700
9.444444444
1700
9.444444444
1700
9.444444444
1700
9.444444444
1700
9.444444444
1900
9.5
8.536585366
483.3333333
8.285714286
0
0
870.5627706
99.37555754
1900
172.5517241
99.56140351
6400
0
97.39583333
7.777777778
350
237.7777778
7.039473684
9
5200
98.11320755
500
8.333333333
177.7777778
8.55952381
0
0
5974.442105
98.35375828
0
350
0
130.4444444
0
0
379.338843
7.913793103
1966.115702
9.286666667
0
7.446471055
0
98.46153846
0
99.12769489
0
217.7083333
6527.612088
99.50529867
0
0
0
0
210
0
0
0
0
4462.5
8.630136986
8.222222222
0
301.0416667
7.229437229
260.9375
7.229437229
0
0
260.9375
7.229437229
260.9375
7.229437229
0
301.0416667
7.229437229
260.9375
7.229437229
0
410
7.821350763
344.6666667
7.751124438
359
7.821350763
260.9375
7.229437229
0
394.0740741
7.976011994
301.0416667
7.506493506
301.0416667
7.506493506
97.43589744
3900
97.1875
0
125
0
0
212.5
0
9
7.123108537
8.666666667
0
8.333333333
366.6666667
0
0
1550
98.18181818
0
0
266.6666667
7.737373737
7.142857143
0
0
8731.210191
98.72610891
0
170
7.5
1988.888889
9.521276596
100
0
100
0
8
2400
0
134.2857143
8.170731707
8.375
2361.538462
9.59375
2521.648072
9.618560549
7.948717949
8.571428571
0
98.9010989
1366.666667
9.318181818
397.4452907
0
9.333333333
668.4322034
9.389991729
0
0
417.8571429
0
9.614845938
18476.27119
8.708029197
0
9.07207042
0
1153.066403
9.201957696
0
0
352.3809524
0
0
4028.045867
9.503472222
0
0
0
0
103.5002035
0
0
0
0
9.618174876
2519
9.618174876
2519
98.27586207
99.15254237
8.73015873
400
0
98.30508475
99.66329966
8
150
1100
0
254.5454545
0
0
0
0
0
140.6015038
0
2666.917293
9.638586957
260.9022556
7.229166667
0
0
140.6015038
400
8.285714286
0
0
0
0
0
1207.142857
9.234972678
0
0
8.333333333
2750
9.18128655
430.3571429
8.383838384
0
206.4285714
0
0
177.5510204
0
7.897727273
0
0
676.4705882
115.6565657
9.402810304
0
10100
97.66339869
462.619199
2433.333333
353.9487462
99.76811665
9400
9.526315789
2033.333333
0
9.149484536
0
8.901098901
725
0
997.1428571
9.088541667
894.2857143
8.994252874
2063.428571
9.537770734
8.285714286
575
8.518518519
575
8.518518519
483.3333333
8.285714286
575
8.518518519
483.3333333
8.285714286
483.3333333
8.285714286
483.3333333
8.285714286
490.8513846
99.02952085
7409.375
97.5031211
12716
99.32376196
938.4615385
7.013333333
9.56193078
9.251724818
99.5412844
65900
9.166666667
1688.143251
96.69699282
0
7.913406364
274.8197115
0
224.84375
8.768638769
712.109375
8.768638769
3500
7.662173203
713.1661716
98.90410959
1127.777778
0
8.75
0
101.9919623
429.9512468
0
7.726295677
971.6210148
9.013730639
9.204910029
1263.095238
9.266375546
1263.095238
9.266375546
1157.719298
9.204910029
1263.095238
9.266375546
1263.095238
0
99.46994002
18765.78947
8.542335054
586.0287081
8.542335054
8.061554858
171.3642473
0
9.620689655
0
0
0
725
0
8.958333333
860
3256.800766
97.4398987
4449.090909
97.44204636
8.958333333
725
0
0
0
0
580
8.529411765
9.333333333
900
0
7.171717172
8.571428571
250
7.142857143
250
99.375
600
8360.78253
97.2646907
98.85057471
0
560
0
0
9.361702128
0
0
150
0
2450
9.607843137
150
8
400
8
400
98.12414842
0
0
0
3785.714286
97.42647059
204.7619048
1971.428571
8.482758621
0
1500
0
98.33333333
400
0
0
0
0
99.12280702
0
340
0
0
0
0
0
0
0
219.1176471
99.53917051
100
0
100
0
100
0
100
0
100
0
233.3333333
7
233.3333333
7
233.3333333
7
100
0
0
0
100
0
100
0
8.571428571
1325
8.533333333
7.129186603
248.3333333
7.129186603
2025
9.529411765
290.9090909
8.934108527
838.1818182
8.934108527
838.1818182
0
0
0
9849.333333
99.24953096
489.2857143
8.303030303
9.285714286
0
0
0
4820.32967
97.96761586
0
225.7142857
0
0
0
0
0
0
0
0
100
9.375
0
2805.215827
98.72642853
8.310810811
492
356.0810811
7.807407407
0
0
9.355329949
901.5748031
0
0
269.1118083
96.95326315
0
8.252888742
439.6825397
9.509803922
1940
7.058823529
240
1248.039216
9.258181818
0
0
9.019607843
920
9.019607843
21901.73077
9.618847616
1066.666667
7.428571429
0
97.56756757
0
527
9.202551834
3984.736842
0
0
256.1069958
179.2544748
0
0
9.603174603
3620
9.326164875
0
15638.66667
99.36462216
433.3333333
207.5
0
1622.710177
0
0
1191.034483
0
9.615384615
98.38709677
4850
97.97979798
0
0
2500
4600
0
8.529411765
8.666666667
650
8.666666667
650
0
0
2280.826737
9.58274843
752.5896414
9.034267913
219.3548387
0
0
0
0
0
219.2851824
0
7.096053611
0
0
1652.866242
9.429505814
0
0
0
1014.16309
9.105675398
98.76149334
0
8.734318996
6088.495575
0
8.125
98.00884956
0
99.16666667
7455.555556
2772.058824
9.651817716
1217.013575
9.177770282
13454.44444
99.26223461
0
0
9.225807249
515.8940397
8.376344086
0
9565.680473
98.96541169
98.27586207
98.38709677
940
9.038461538
2800
99.08045977
375
0
0
0
0
0
220
0
2193.333333
97.6744186
8.75
166.6666667
0
0
0
98.27586207
5361.633493
99.45216896
323.75
97.05014749
2622.222222
0
0
0
0
0
2366.666667
9.638682432
0
0
143.5714286
0
0
8.267857143
0
0
0
0
9.605263158
9729.869281
98.7340173
135.7142857
7.954545455
470.3703704
0
0
391.6666667
98.30508475
11900
9.333333333
125
1855.555556
9.488636364
7.916666667
380
7.916666667
0
0
9.318181818
200
411.1111111
8.043478261
466.6666667
8.235294118
0
0
0
0
0
8
400
0
0
359.2592593
0
97.10526316
27433.94495
9.418899107
186.4583333
8.254545455
330.46875
149.7277677
0
2049.969231
9.509705706
0
152.2167488
0
152.2167488
0
1539.408867
9.390024038
110.180624
0
8.02955665
407.5
8.02955665
540
0
916.9491525
7.833333333
1218.540925
9.066567289
9.375
316.1290323
0
9.25
200.6060606
1683.783784
9.367057674
8.526785714
578.7878788
0
0
0
0
238.2173382
8.028880866
0
11577.05474
99.40683613
0
178.0208333
8.313975272
498.1538462
163.0315501
0
1705.737185
9.64428059
0
285.4014599
7.40530303
0
1088.019129
97.45762712
4900
9.337833333
0
231.0833333
0
0
194.375
7.820240623
358.7662338
7.820240623
250.6493506
0
6178
98.93809069
150
0
0
34429.88827
99.71039582
337.6666667
7.715156131
337.6666667
7.715156131
5843.816698
98.31757934
9.305555556
1335
0
0
140
7.777777778
350
7.777777778
98.24561404
0
99.67105263
220
7000
99.43661972
7000
9.647887324
0
671.4285714
0
98.88888889
191.6666667
0
0
3766.666667
99.48275862
0
220.625
0
0
0
400
8
3224.902869
9.598202548
0
0
0
0
7.619047619
320
7.619047619
5700
9.113300493
0
99.23115079
1150
0
0
1400
8
1900
930.1403509
98.01310217
400
8.285714286
0
0
0
0
6000
98.36065574
0
0
0
9.431818182
940
9.038461538
9340
98.94067797
0
0
0
0
0
0
0
0
0
0
0
0
8
300
8
0
700
7.75
301.5531892
97.02662722
8.933333333
2733.243119
0
7.324149321
0
9.567567568
0
7.647058824
220
20212.5
99.42307692
7.333333333
0
4400
7.380952381
0
211.1111111
0
918.5185185
9.018181818
522.2222222
7.962962963
9.61038961
2525
9.619047619
2525
9.619047619
2466.666667
9.61038961
2525
9.619047619
2525
0
9.61038961
2466.666667
2300
0
9.615384615
8966.666667
98.56440571
357.1428571
7.777777778
0
9.28393067
5446.666667
98.07692308
0
7.866666667
4600
8.829787234
0
138.1996234
98.13415136
530
8.412698413
530
8.412698413
530
120
98.25174825
345
97.37827715
1385.714286
98.07692308
100
0
143762.201
98.70246204
419.1071429
8.073615411
419.1071429
0
9.143835616
1172
9.384171908
226.8085106
7.712053571
7.723577236
339.2857143
8.292682927
0
900
9.333333333
1400
653.3333333
8.672566372
693.3333333
8.739495798
96.66666667
300
650
8.666666667
650
1200
98.65384615
407.9365079
9.0625
110
433.3333333
454.0332512
0
0
0
0
0
0
600
0
9.378050701
200
670.5555556
8.880677722
0
0
9.487179487
0
9.166666667
300
0
6306.842105
97.18113859
909.9667774
97.53289474
7.777777778
350
7.777777778
0
802.8571429
97.0464135
0
8
0
9
98.83886016
0
0
99.72527473
51356.95364
9.178925354
7.319201509
840.2294708
9.403100775
0
329.6675192
1024.092675
9.368633653
0
916.2994627
9.016038051
0
0
8.142414861
6033.333333
0
0
99.78723404
1942.857143
0
0
0
0
7.538461538
8.75
116.6666667
0
116.6666667
0
0
2825
9.658119658
983.7762238
9.176433323
10670.83333
99.07156673
0
0
2825
9.658119658
983.7762238
9.176433323
10670.83333
99.07156673
0
0
2772.058824
9.651817716
1217.013575
9.177770282
10667.77778
99.07130327
0
0
2558.139535
9.623797025
1306.511628
9.188311688
10643.33333
99.0691902
0
0
2766.776316
9.651176133
901.6447368
9.195402299
10814.28571
99.08376963
0
0
1030.769231
9.115646259
0
2801.315789
9.655328798
1124.232456
9.184952978
14288.46154
99.30499866
0
0
1078.04878
9.151138716
98.88888889
5750
2686.324786
9.641104294
1368.2861
9.237967914
10655.55556
99.07024793
0
767.5065492
702.4244794
0
2618.75
9.632183908
1281.153846
9.185463659
10650
99.06976744
0
0
2686.324786
9.641104294
1269.625247
9.18999616
39977.0416
99.75048058
228.8135593
0
99
6312.5
2722.612086
9.645718232
1337.980917
9.231008717
17894.87179
99.44428612
8.461538462
99.23076923
8000
2751.851852
9.649350649
960.4288499
9.237967914
20234.72222
99.50823031
100
0
0
208.5714286
0
362.8571429
7.839506173
2231.428571
9.571078431
1280.952381
9.203965517
11783.04094
99.15846457
0
1031.313131
9.116071429
0
2562.5
9.624413146
917.6923077
9.196042053
14543.75
99.31711481
0
0
98.88888889
8900
0
2696.568627
9.642418931
1387.109084
9.25124498
577.9661017
8.525
0
7963.241107
98.75980392
1006.719368
9.096428571
0
0
0
14042.85714
96.96969697
11766.66667
99.15730337
0
8.090909091
7.978753948
99.37432628
0
7.5
500
0
8.784116699
9.063670412
0
97.56416575
8.333333333
9.375
98.92473118
1271.446488
8.018594726
9.19
6616.049383
98.51102941
0
8.647208069
0
7.5
0
184.959276
0
184.959276
0
184.959276
99.63302752
6600
613.7764784
97.11174685
1118.461538
6300
0
98.46153846
96.875
25349.6318
97.14632414
3944.75043
97.52765957
140
0
0
7.567567568
8.888888889
800
0
0
9.625
150
700
0
0
99.85507246
40014.28571
2993.660969
96.76758375
1027.305443
9.151059125
254.2589216
7.177205882
0
254.6453546
7.18028169
0
10019.10549
99.01177036
0
0
0
98.88888889
5788.888889
2600
9.62962963
929.59285
9.267433449
10436.58537
99.05092593
0
0
2558.139535
9.623797025
1306.511628
9.188311688
10643.33333
99.0691902
0
0
100
0
700
0
14150
9.649122807
98.93617021
100
500
0
167.8571429
144.4444444
98.93617021
100
98.93617021
100
7.431455347
99.48193543
300
12275
0
9.4985
1216.051844
9.162534435
98.93617021
100
320
96.82539683
9.467849224
400
100
0
98.93617021
100
1400
0
0
98.93617021
100
98.93617021
100
0
0
7.5
2015
0
9.285714286
9300
98.93617021
0
200
0
0
0
0
99.10714286
0
150
0
97.43589744
5400
98.18181818
1100
266.6666667
96.96969697
185900
98.92473118
9.5
1900
99.11504425
9.619047619
7.0394575
99.21585028
0
167.8571429
966.6666667
97.5
300
237.5
0
0
0
0
0
300
7.5
0
0
9.111111111
1100
9.00621118
9.657142857
0
0
0
8.269230769
6857.580418
7.700349972
9.444444444
326.6666667
0
0
7.182926829
0
9.050847458
1480
415.6799539
8.827771066
98.00569801
4914.285714
154.2735043
0
97.2972973
1900
8.780487805
1100
9.583333333
98.28336557
3866.666667
9.579831933
6700
9.215686275
0
0
97.52747253
3944.444444
9.035591274
0
8.563695699
238.7212644
7.100439327
0
4528
8.444252377
9.166666667
11500
97.84482759
0
0
98.27586207
13348.27586
98.71794872
0
2558.139535
9.623797025
1306.511628
9.188311688
10643.33333
99.0691902
0
0
2558.139535
9.623797025
1306.511628
9.188311688
13026.66667
99.23819198
0
0
0
2774.80457
9.652150268
937.0014031
9.098886655
241.8275418
7.074548193
0
0
0
241.5966387
7.072570726
0
8642.857143
98.85620915
0
1095.061728
9.16322314
0
2693.209877
9.64198895
1242.592593
9.198686371
10098.77049
99.01948965
0
1021.478873
9.108320251
98.88888889
5788.888889
2667.924528
9.638718473
1260.580552
9.18307499
10655.55556
99.07024793
0
0
2558.139535
9.623797025
1306.511628
9.188311688
10643.33333
99.0691902
0
0
2662.068966
9.637952559
942.7586207
9.188311688
10643.33333
99.0691902
0
7.5
0
2728.125
9.64640884
972.6704545
8.980348535
214.2857143
0
528.5714286
0
0
0
8394.520548
98.82277052
1021.917808
9.108669109
98.88888889
5728.571429
2627.941176
9.633423181
954.4955324
9.302008032
10063.17016
99.01605505
0
938.961039
9.0375
8.529411765
8
320.5607477
98.33333333
0
0
8.666666667
99.8152545
17423.87273
139.9014311
97.1455771
0
0
0
144.5449975
98.75440658
8.79245283
728.125
8.79245283
728.125
109.0618337
0
0
0
175.2013635
0
97.64705882
0
9.636363636
0
97.05882353
98.7654321
98.49915361
0
1997.777778
9.523305085
7.580246914
313.2653061
7.580246914
98.94813589
0
0
9810.838663
98.99100365
7.923749393
381.6374269
7.923749393
97.82543038
0
98.99965565
0
4539.260401
97.844484
0
0
0
0
7.111111111
7.513043478
99.62264151
11375
2889.106754
9.665451895
1191.503268
9.190283401
233.3333333
7
0
0
9.191919192
773.90625
8.855712498
773.90625
208.09941
0
271.0917219
8.538952175
13213.7931
99.24889925
0
8.283261803
7.5
52566.66667
98.97151899
1723.636364
98.74920692
0
0
0
99.16666667
7455.555556
2772.058824
9.651817716
1260.090274
9.203811893
584.4444444
8.538961039
0
0
0
12611.11111
99.21328671
0
9.523809524
900
99.03846154
7820
7.5
316.6666667
0
0
7.437888199
0
0
9.393939394
3900
0
0
9.62055336
1560
0
0
0
0
2558.139535
9.623797025
1306.511628
9.188311688
10643.33333
99.0691902
0
3058.043997
98.87014237
1114.798206
9.176818014
0
2924.834437
96.69403394
981.4857041
9.089124032
0
589.3617021
2475
99.43264563
8.556149733
1119.340378
9.179884454
98.27586207
98.27586207
98.88888889
5728.571429
2696.568627
9.642418931
1282.08061
9.2
10079.31034
99.01761518
0
1011.764706
9.100529101
8.587291991
98.88888889
5728.571429
2696.568627
9.642418931
1310.135002
9.210373198
516.3328197
0
0
146.5331279
5000
98.8002451
1044.024515
9.125892857
0
2688.906009
9.641436464
1234.123504
9.174218195
9774.125874
98.98725212
0
99.54545455
13011.11111
2905.084746
96.67230682
1003.937419
9.170918367
10683.33333
99.07264297
0
98.5
441.6666667
98.5
441.6666667
8.652077999
0
2742.857143
9.648241206
1138.282209
9.119014161
528.5714286
0
0
8.571428571
8.333333333
5942.307692
99.02783404
0
97.87852886
1091.474554
449.5582652
0
698.7742594
8.748081841
0
2293.089431
9.582130117
823.1310322
9.008470497
0
583.8559814
0
7.075407609
0
0
97.69181789
2506.896552
98.61111111
7100
0
241.902109
7.07518622
8.428969359
536.5248227
0
8042.991507
98.77195009
99.89641778
94691.66667
412.7032967
8.049554184
0
203.9751553
125.4072042
0
701.056338
8.751648352
0
2732.352941
9.646936656
960.4524887
9.18307499
11526.38889
99.13988771
0
99.54545455
13011.11111
2905.084746
96.67230682
1003.937419
9.170918367
10683.33333
99.07264297
0
3900
7
3833.333333
97.45762712
0
0
98.7804878
654.2857143
8.674242424
654.2857143
8.674242424
604.7619048
8.581081081
604.7619048
8.581081081
604.7619048
7
8.333333333
100
175
9.61038961
0
200
98.31356393
7.333333333
9.481707317
0
98.79518072
300
0
7.753423665
9.358974359
2846.666667
8.967948718
0
9.006944444
0
9.006944444
0
9.278846154
8.888888889
99.96916895
4400
97.77777778
4400
1388.888889
9.152570481
6560
9.405405405
0
8.625
133.1818182
98.88888889
2220
98.27586207
98.21428571
97.33333333
3650
0
9.444444444
98.78378378
0
7200
99.5890411
1261.111111
9.265306122
733.3333333
172
9.558823529
733.3333333
8.8
733.3333333
172
9.558823529
733.3333333
172
0
172
0
172
9.558823529
1400
9.579731744
0
507.9787234
99.56255468
28830.06993
9.190165406
0
98.26839827
5757.142857
0
0
1932.729881
9.350933586
1300.701992
9.286072265
207.8446731
0
700
380
337.8947368
99.52423878
233.3333333
7
233.3333333
7
233.3333333
7
326.6666667
7.65625
326.6666667
7.65625
326.6666667
7.65625
233.3333333
0
0
7
233.3333333
7
233.3333333
7.5
97.82608696
98.35164835
99.74362611
10500
0
0
9.62962963
10765.7337
9.539837793
8
2371.680672
7.946741237
510.8374384
8.225806452
0
9.067599068
725
9.393939394
6900
9.214285714
341
0
0
97.71232485
700
446.40625
0
214.88006
0
0
0
0
9.124396135
600
8.571428571
1000
9.090909091
3800
97.43589744
1042.068966
9.124396135
1042.068966
9.124396135
300
7.5
3330.177515
97.08469898
100
0
1700
9.444444444
1064
9.140893471
1072
9.146757679
5914.814815
0
8.103259101
8.879072848
774.3944228
8.324324324
0
774.3944228
8.856351351
0
8.333333333
99.46998755
891.6666667
8.991596639
98.27586207
8.810483871
5980
98.35526316
287.5
132.2580645
8.958333333
8.666666667
650
8.666666667
650
7.826086957
9
0
8600
98.85057471
11500
98.27586207
0
97.35449119
2177.807487
0
0
494.9871887
8.901766077
0
7.833333333
3828.445474
97.40688373
0
96.80851064
97.17695257
9.130434783
0
38270.0495
9.291620524
2180.645167
9.561527582
8.068472151
417.7248677
157.5370465
0
194.3280531
0
727.7976495
97.77777778
443.6111111
0
0
100
292.5
98.40764331
0
4114.285714
97.62711864
99.17012448
100
0
100
0
0
8.891904116
9.454545455
1733.333333
9.454545455
1733.333333
287.5
7.580645161
113.3333333
0
6300
97.1875
5600
98.24561404
100
0
6800
98.55072464
800
8.888888889
1300
4400
98.88888889
20400
99.51219512
200
9.411764706
2900
8.666666667
7.5
8.571428571
0
0
8700
98.86363636
98.7804878
99.49238579
8900
98.88888889
7.5
0
8700
98.86363636
8.588235294
0
7.65625
860
8.958333333
3281.21547
9.639272628
7.267080745
265.9090909
7.51552795
311.25
0
9.604316547
3063.636364
96.83908046
9000
180
98.9010989
98.32380952
98.25174825
5620
500
98.07692308
0
8700
98.86363636
8243.75
0
9.262513904
0
0
3829.399368
98.93961741
374.7252747
0
0
1146.65404
9.197852838
8.217592593
461.038961
0
0
206.25
0
155.2083333
0
98.27586207
308.3333333
150
9.538461538
0
344.4444444
0
0
5142.105263
98.09236948
0
0
0
0
0
9.660790598
4880
97.99196787
0
0
0
0
0
97.89473684
100
3385
97.13055954
3100
96.875
7.75
0
0
0
0
0
1050.684932
9.130952381
146.5753425
0
96.66666667
96.66666667
98.88888889
662.5
8.770491803
113.3333333
0
5233.333333
98.125
860
8.958333333
0
5400
98.18181818
98.27586207
965.2244435
98.81622223
0
0
212.3595506
9.604316547
3063.636364
96.83908046
15500
99.03846154
10400
98.94179894
2930
96.69966997
0
0
98.7804878
1500
8.857142857
8600
98.85057471
9.318181818
8.823529412
9.0625
9400
99.22807018
4304.545455
9.126934985
1699.054374
9.444152431
526.8058839
8.404609743
0
8.988095238
0
0
0
0
14250
0
9.151615576
0
0
9680.859917
98.24730573
9.376162299
0
10308.68538
98.39823218
98.96405263
1466.666667
9.361702128
8.75
700
98.13278008
3944.444444
97.52747253
9
0
205.4545455
9.583333333
0
100
9100
99.86413043
700
98.20872929
7.333333333
2484.914596
0
3312.5
8.666666667
98.60966953
0
8.314995089
96.79633028
0
494
0
0
0
9.47826087
0
0
100
4167.123288
0
9.339430894
4773.846154
7.575757576
9.153645833
15666.15385
99.3657299
133.8461538
0
569.8039216
8.507025761
569.8039216
8.844722315
0
470.6031746
8.643874485
0
569.8039216
8.507025761
569.8039216
8.844722315
0
498.6904762
0
0
8.329687811
8.095238095
0
498.6904762
8.329687811
8.095238095
232.2291022
7.782126549
350.8823529
7.782126549
350.8823529
0
592.0454545
8.959605911
0
0
0
382.1428571
0
8.055555556
8.571428571
25569.23077
99.61042853
26180
7.513952308
9.285714286
7.857142857
366.6666667
1502.857143
9.376114082
245
9.62962963
97.01696438
0
0
99.51910232
21837.5
0
2004.504505
9.524828767
9.601371951
0
0
4676.923077
97.90660225
8.382352941
8.181818182
0
6263.636364
98.42857143
0
0
0
8.883977824
102.4096386
0
5639.759036
98.25776658
96.882494
3469.230769
1400
0
98.4375
580.5555556
7.520408163
0
375.2
0
0
5202.793448
97.45281974
0
0
0
0
0
2029.166667
9.530332681
0
0
0
9.22429078
780.4571429
9.084890966
0
193.75
240.4255319
7.0625
9.546099291
2103.125
208.6524823
0
536.1054767
8.314732143
0
8.974358974
1736
8.747276688
6095.652174
8.711578947
0
494.1901408
8.222222222
7.777777778
0
4907.407407
98.00295858
9.305555556
1340
9.305555556
0
0
0
0
8.702702703
733.3333333
100
0
97.43589744
4900
6900
98.57142857
0
0
0
849.6230159
96.8575667
0
0
0
0
0
97.22222222
3900
470
8.421052632
8.333333333
142.4242424
0
6748.484848
98.53982301
9.642857143
3766.666667
1000
0
0
0
0
9
1533.333333
9.540816327
0
98.50993902
0
6305
99.60967994
14112
97.36138475
7900
98.33333333
8
1070
0
0
3664.600551
9.482016758
98.66666667
8.571428571
8.333333333
415.2542373
99.67105263
300
8.201284797
7.579365079
1493.442623
9.372427984
883.6065574
8.944
2326.136364
96.91176471
8.095238095
166.6666667
125
0
98.46153846
98.88888889
8.571428571
5400
98.18181818
0
0
0
1066.666667
0
97.25375934
9.5
2733.333333
22305.49188
8.995984453
9.555465902
1911.764706
187.7192982
0
9.555465902
9.647058824
63205.55556
99.84203598
63205.55556
99.84203598
63205.55556
98.52941176
2700
98.21428571
5100
9.230769231
0
0
98.93617021
100
0
266.6666667
96.96969697
0
0
4353.125
97.89473684
0
3724
97.38493724
0
0
8.181818182
4800
97.95918367
8266.412214
97.55968674
0
8.961038961
400
0
1139.072165
9.515766703
0
3540
8.695054945
7.894736842
6460
99.3902439
400
8
1100
891.257732
9.192944505
0
100
9.375
400
8
7900
98.75
1300
4200
97.6744186
6400
98.46153846
700
0
98.26490815
0
8.939393939
842.8571429
1013.636364
9.102040816
191.6666667
0
934.0909091
98.07692308
402.8571429
433.3333333
98.27586207
98.71794872
9775.776398
1012.5
7.243445693
9.230072464
7.176470588
254.1666667
0
267.5
97.95918367
9.285714286
7.5
0
97.05882353
15712.5
97.8972332
5191.353383
97.42451155
0
1164.197531
9.091796875
9.139784946
1158.888889
9.20564872
1158.888889
9.20564872
1158.888889
9.20564872
1158.888889
9.20564872
1158.888889
0
0
9.139784946
1062.5
9.139784946
99.09842562
306.993007
8.109965636
0
8.571428571
511.1111111
650
8.666666667
9.353664535
97.27891156
0
9.382544507
0
9.444780941
98.54077253
8.692105263
2888.461538
8.048048048
0
8
18900
99.47368421
337.5
0
98.24561404
5150
98.0952381
926.6666667
9.025974026
926.6666667
9.025974026
954.2857143
8.577235772
602.8571429
8.577235772
602.8571429
0
8.367346939
8.75
0
0
0
8.125
0
0
2078.796343
96.87066584
3557.142857
0
9.153645833
9.58677686
8
300
0
4372.049689
97.5
0
9.285714286
700
7.333333333
150
5876.744186
339.4811933
99.74619289
300
7.5
835
8.930481283
835
0
133.75
7.754010695
252.3809524
0
0
150
0
25500
98.2421875
8.75
6600
9.328358209
1411.111111
9.338235294
0
0
0
99.64835165
12700
9.407552083
8.157894737
8.571428571
98.4375
3250
98.50746269
8.639455782
98.51941921
9.230769231
26700
0
9.626865672
9.104477612
7.8125
7.619047619
3320
97.07602339
8.897058824
8400
9.470588235
5300
98.14814815
97.73333333
8.823529412
750
223.5294118
0
0
99.13305415
566.6666667
0
0
7960.606061
9.639483324
0
139.7435897
1047.058824
9.128205128
0
0
220
241.8803419
9.5
7100
0
1361.406501
9.602877678
7.230769231
98.95229186
9
900
9
900
9
900
9
900
920
0
743.75
8.735802469
900
9.25
0
0
2409.52381
7.974383302
237.5
99.30555556
1900
900
0
7.725
0
147.6190476
900
97.30769231
900
97.5
6900
7.119047619
371.4285714
96.96969697
4900
8.355
1766.666667
9.464285714
900
9.6
900
0
8.666264296
126.4567799
0
9.016753178
126.4567799
0
7.424242424
9.204545455
300
102.5
640.7407407
8.65
0
9.259259259
10733.33333
8.753846154
0
480.5724589
0
0
9.065656566
7.598039216
99.22375266
9.2
29400
99.83050847
400
8268.75
9.078466
156.4102564
0
0
7.753515625
96.96969697
8.169336384
0
0
455.5555556
0
0
0
9.257334774
130.7692308
0
8.960824742
0
8.333333333
0
9.349881797
990.9090909
0
392.3076923
7.525
9.090909091
97.43457114
1560
0
0
9.090909091
0
0
9.019607843
8900
8.977777778
0
309.731114
8.11625
900
9
9.074808353
8.87254902
7.391304348
1000
0
900
9
900
9
0
0
150
200
0
0
99.10076043
768.9655172
8.849206349
4075.212718
97.60491245
10965.84781
99.61437737
142.4242424
0
142.4242424
0
142.4242424
0
134.3434343
0
134.3434343
0
142.4242424
0
142.4242424
0
242.6573427
7.081632653
225
0
242.6573427
7.081632653
134.3434343
0
225
0
142.4242424
0
142.4242424
0
98.70753525
0
9.555555556
440
0
0
0
275
98.88888889
98.93004723
0
98.88888889
8.518518519
150
98.9010989
3733.333333
8.695652174
8
7.948717949
8.476190476
162.1259653
9.250632911
738.0165289
0
8.741666667
0
99.33687003
150
500
0
98.88888889
8
400
0
0
8.303443329
7.674418605
0
8.666666667
650
8.666666667
650
8.333333333
300
9.5
875
8.974358974
97.20730397
275
8.666666667
98.38709677
1900
0
0
0
7.354497354
9.623624783
8.739936169
350.4056616
0
0
552.3076923
103.7735849
99.76851852
9136.8
98.91737398
6530
7.199369258
7.980416157
395.1515152
126.1933905
9.158981498
8.33045977
912.0481928
98.85057471
7.636527977
8.992392656
0
0
9.623624783
2556.923077
9.623624783
98.85057471
97.98657718
0
3250
128.358209
98.20261438
900
9
0
7.333333333
275
7.333333333
275
7.333333333
100
1650
171.4285714
98.94736842
275
7.333333333
175
0
175
0
0
8.132891414
8.351648352
650
7.333333333
1127.692308
7671.714202
99.2873069
8.529411765
112.5
225.3781513
3860.12446
9.36453287
97.12643678
27100
8.688080495
98.87905605
1850
357.4898785
8.069900302
0
0
0
8.202247191
457.5657895
628.6135693
8.203076923
278.8527397
7.318805488
1134.587598
9.035597409
0
135.4347826
0
135.4347826
721.1757464
247.8448276
99.87608426
15685.19553
99.36649502
16400
9.272727273
1225
0
281.3169388
0
97.86585366
742.4489796
0
8.639760837
635.1648352
8.639760837
742.4489796
8.812984496
635.1648352
8.639760837
635.1648352
8.639760837
635.1648352
8.639760837
635.1648352
0
99.16666667
62462.5
8.864066641
9.333333333
1400
433.3333333
8.125
2184.615385
8.468013468
8.888888889
567.0993746
0
5089.473684
98.94892126
0
0
99.96343693
17654.28571
111.818038
9.042725798
7.083333333
113296.3759
0
0
0
219.5691203
0
0
540.9399006
8.439791314
0
0
0
0
542.1657096
8.442769545
0
580.7893677
8.439422622
0
0
1040.837495
9.103246228
567.0993746
0
5089.473684
98.94892126
0
0
0
8895.673077
98.88835444
419.2307692
8.074074074
1124.519231
9.183352964
0
97.22881892
1680.078125
0
0
8895.43379
98.88832487
420.5479452
8.078947368
1114.611872
9.176691729
0
8392.857143
98.82253995
392.8571429
7.971014493
1050
9.130434783
9.400651466
44030.43478
99.00582176
7.213078367
7.343565525
191.1111111
18022.1374
99.0547599
335.9375
9.097222222
335.9375
9.097222222
98.11398109
6088.495575
0
9
0
0
319.3548387
130.7692308
7.454545455
10186.30952
99.02783404
0
1450
9.35483871
0
0
29878.26087
99.02683104
98.66868448
360
31421.73913
98.98432602
7.786715232
0
32122.22222
98.98432602
9.419165888
0
8020
98.79086431
98.07692308
567.0993746
0
5089.473684
98.94892126
98.6013986
9
8.387096774
0
0
9.00088058
0
9.202586207
7776.54321
98.88857224
98.27586207
98.16743325
0
390.9090909
7.962962963
1045.454545
9.126984127
7.891493247
0
26453.19149
98.85022385
401.7699115
8.007054674
1070.79646
9.145880574
335.9375
9.097222222
335.9375
9.097222222
9
567.0993746
0
5089.473684
98.94892126
567.0993746
0
5089.473684
98.94892126
9
9
7.009294095
5229.72973
98.94892126
7.009294095
5229.72973
98.94892126
0
0
322.2222222
0
0
200
0
0
98.42883549
0
0
97.06515166
736.587963
97.21089301
0
8.958333333
3085
0
517.868198
97.81076772
2013.548387
0
379.3827411
7.112889273
0
119.7514716
463.8664819
9.13353348
518.0555556
8.041170342
2011.85948
98.64194203
8.421052632
14806.66667
0
0
1591.286989
99.86705586
2642.826667
0
9.603885368
2468.57971
97.92362553
4716.086957
97.92362553
107263.5438
7.435897436
0
97.43589744
3900
0
2579.487179
9.01754386
0
7.855072464
0
156.6666667
7.077922078
9.166666667
0
113.4646962
0
885.2216749
8.328571429
180.8641975
0
138.2133995
96.66666667
8.31002331
0
0
6857.692308
9.628524046
0
0
0
8.666666667
7.321428571
9.166666667
77900
98.46153846
116.6666667
9.615384615
2500
9.615384615
2500
0
0
9.483870968
1700
0
8.156682028
300
0
836.8686869
8.204851752
0
0
285.3624696
7.405040504
111.143695
7.037037037
7.1875
0
0
301.025641
7.109373385
8.573529412
9.312714777
10100
0
99.79101358
242032.1429
7.893712111
8.284313725
665.7142857
8.694029851
0
2111.297331
98.50138483
776.6233766
0
97.22222222
9.154929577
97.73419469
2198.387097
9.564912281
97.68491365
2185.714286
9.5625
98.46153846
0
98.79032258
0
0
1000
0
14681.95251
0
97.87234043
0
0
10576.96203
9.56320568
9.52208934
9.047619048
173.125
8.169336384
446.25
266.1327231
7.26875
9.145690313
6671.428571
7.563291139
0
0
8.348623853
613.9393939
8.599320883
613.9393939
8.599320883
505.5555556
8.348623853
613.9393939
8.599320883
613.9393939
0
0
188.3597884
0
188.3597884
0
0
9.574879227
0
321.875
0
0
1679.166667
9.156908665
0
306.4516129
7.53968254
2285.765306
9.484245686
0
0
3090.416517
8.926501162
0
123.6024845
0
0
0
0
283.3333333
7.391304348
585.7142857
8.541666667
1416.666667
98.9010989
0
0
17060
98.83449883
8.75
7.333333333
275
7.333333333
275
7.333333333
275
0
8.75
0
8.75
114.2857143
99.60058581
5600
487.6315789
98.27586207
0
0
8.24736653
0
8.805877877
0
598.4126984
7.727272727
0
97.35449735
3680
98.82352941
541.9753086
9.642857143
5675
98.7012987
96.66666667
2900
6433.333333
99.48979592
200
0
200
0
200
0
200
0
200
0
200
0
200
0
300
7.5
300
7.5
300
7.5
200
0
300
7.5
200
0
200
0
98.73378528
0
0
99.96807087
5668.75
0
7.463768116
393.75
0
4456.763285
97.06122449
0
1025
9.111111111
98.75
7781.818182
98.73125721
291700.6431
99.96573003
7900
0
99.16666667
7900
98.75
8900
133.3333333
238.4976526
99.87938012
13845.10309
0
99.8139881
29700
99.86577181
150
25500
99.609375
200
522.2222222
3403.571429
9.266055046
0
0
9.605724299
300
553.1578947
328.6865431
0
9.642857143
0
787.0114087
98.65787951
764.2045455
97.58930528
4048.181818
0
98.9539749
74780
99.86645299
8267.272727
9.641460235
10326.66667
97.44245524
945.9090909
9.043893959
2450
9.194139194
8.636363636
250
7.333333333
10120
97.84735812
98.93116717
6600
8.805970149
9.468253968
0
2937.037037
9.548780488
0
100.4371585
0
100.4371585
0
9.12109375
0
650
9.486267536
7.286184211
7.866666667
9.662307033
1700
97.77777778
0
11900
9
4900
8.83525641
7.906439185
0
0
0
0
0
0
0
9.333333333
250
7.142857143
3983.333333
97.55102041
3983.333333
97.71373501
471.1976628
98.24929256
10740.0719
0
98.52195946
7900
99.64285714
0
8700
98.86363636
8700
99.43181818
8700
0
150
543.902439
766.6736022
8.833051297
98.87640449
6533.333333
99.74874372
500
100
9.166666667
500
8.333333333
18087.05036
96.70094937
157.1428571
0
1116.666667
365.2631579
0
98.46153846
6003.305556
0
8.202247191
462.4609375
8.833252309
728.4688013
261.3474387
7.212327228
0
0
0
9.592815615
7.008870378
234.5342523
0
0
0
9.661016949
0
7.722432828
339.0649867
99.38356444
14015.78947
0
9.316493457
1363.043785
99.71520561
700
170
150
99.25925926
49564.2487
0
7.502091598
0
179.221876
0
0
0
5200
98.82075472
8380
98.11320755
458.4045584
97.95918367
480
0
0
7.5
0
331.6666667
8.455598456
98.88888889
100
0
98.30508475
98.30508475
9.230769231
9.230769231
98.38799678
1790
9.470899471
7.606019152
9.285714286
100
0
0
98.63013699
0
0
0
1214.393939
96.72255698
436.3709033
8.149031297
9.281370923
103.0769231
99.24242424
4900
0
0
0
7.450980392
98.87640449
8800
98.87640449
8800
97.5
9.545454545
7400
877.7777778
9.604545455
0
8.125
8.275862069
9.418604651
8
150
0
0
9.333333333
0
0
703.5714286
96.66666667
0
0
0
0
200
0
0
8.333333333
300
8.642118629
0
133.3333333
8.85361552
105.0213675
98.74934862
400
8
100
15850
99.68652038
100
250
6757.142857
98.54166667
328.5714286
7.666666667
0
8.75
70900
99.85915493
17166.66667
8.914092664
9.466666667
17166.66667
99.42084942
1775
9.466666667
17166.66667
9.09507722
1005.066667
9.09507722
1005.066667
98.27586207
9.444444444
0
9.612403101
292.7272727
7.453703704
365.8181818
7.87704918
0
9
300
0
133.3333333
7.523809524
1342.307692
9.306666667
99.01156725
0
0
1072.368421
9.147025814
98.78116833
167.8571429
0
8.660714286
646.6666667
0
0
0
1006.451613
7.823129252
0
148.8888889
0
8.666666667
0
786.5490473
8.872030822
500
0
9.618644068
0
8.888888889
0
8.926553672
98.92473118
97.98657718
3415.891473
97.47179657
98.36021505
112.244898
0
0
1340
9.305555556
98.88888889
98.8851728
0
8.888888889
800
7.214285714
99.79701008
8
3650
98.28738513
1471.022727
9.363471971
686.25
8.728139905
0
220
0
1400
0
8.571428571
0
0
96.96969697
7.613998658
7.694444444
7.934595525
9.565217391
9.583333333
9.290440951
170.9677419
0
98.38709677
6200
96.82539683
0
990
112.8440367
0
395.412844
99.26205182
6600
7.5
813.4328358
9.575163399
0
99.78632479
5100
98.07692308
6968.75
7.166114236
8.866421569
694.5945946
98.97959184
700
223.75
0
99.7260274
2566.666667
9.625
14158.33333
0
0
780.66605
8.684640523
0
9.631795538
2615.882353
9.631795538
2583.333333
9.627329193
2583.333333
9.627329193
2583.333333
9.627329193
2615.882353
9.631795538
2583.333333
0
9.631795538
2615.882353
9.631795538
9.615384615
7667.020592
98.6205411
8.222222222
462.5
126.6666667
0
0
99.78723404
58300
96.83219178
121.6216216
9.390243902
540
8.4375
540
0
8.648648649
640
8.648648649
98.27586207
98.93617021
185.7142857
7.375
900
3478.077803
99.7646487
170
16583.33333
99.97779998
9000
98.9010989
81800
8.888888889
2371.167211
99.76653823
547.6190476
266.7279412
98.39598997
6134.375
9.518796992
716.6666667
154.4642857
96.84466019
1961.538462
9.278606965
0
0
0
0
7.788461538
0
7.788461538
0
19400
0
0
0
106.637688
0
99.10714286
8800
98.87640449
100
0
200
1766.666667
9.464285714
9.5
0
250
0
9.388888889
104.5454545
0
104.5454545
0
104.5454545
0
104.5454545
0
175.7575758
0
0
0
175.7575758
9.420289855
884.8484848
9.615384615
100
0
100
0
5866.666667
9.497206704
0
0
0
4880
97.99196787
33080
99.69861362
1000
9.272727273
0
0
0
0
1175
8.125
0
9.105328107
0
0
9.572649573
130234.6154
99.07929294
8505.591398
97.50162435
1341.860465
9.306451613
0
9.145299145
1070
643.5897436
8.655172414
0
1711.155914
9.447866419
1008.870968
99.33333333
1252.727273
9.260752688
11122.5625
97.92085512
495.1785714
8.319831983
2257.142857
0
97.91013584
287.9472554
7.40882846
0
200
0
7.717717718
587.5
0
0
100
0
5400
98.18181818
0
100
0
5400
98.18181818
9
4600
97.87234043
98.25581395
3566.666667
97.27272727
0
100
0
5400
98.18181818
0
0
1962.5
0
0
0
0
0
2847.368421
9.660714286
0
0
8
8
0
0
0
0
0
189.5927602
0
3890.066694
9.663975845
7.300103842
201.1538462
0
0
99.94579946
148366.2577
0
97.63344051
633.8916179
9.305740988
807.3777778
240.9090909
7.066666667
1969.26018
99.68044324
1506.27451
9.377441406
1506.27451
453.3854167
98.875
855.5555556
98.66190901
7650
96.77419355
0
97.69911504
198.0769231
0
174.0384615
0
1792.664165
0
0
700
0
9.615384615
99.28088166
404.1666667
161.8181818
0
9.125
7.252747253
0
8.687216291
0
799.0136364
9.646076761
590.0468384
0
0
7.967362115
245.8333333
7.34939759
0
9.542426147
0
535.6304985
0
164.1025641
0
99.65277778
12140
9.150326797
9.038461538
23300
9.282051282
0
9.399038462
17180
8.944444444
426.3157895
8.1
0
0
8.5
52859.03107
99.76921364
13129.09091
0
9.263624908
8.363636364
8165.109101
98.79009462
511.1111111
8.363636364
12492.59259
0
0
9.208494208
1158.448047
0
0
0
9.20957995
1165.150094
0
7.645850232
0
762.0756173
99.93287089
6500
9.595959596
250
0
338.2205029
7.718043785
97.57575758
135326.2238
0
0
9.362874251
0
3799.713631
99.9287697
860
8.958333333
1160
9.206349206
1160
9.206349206
1100
9.166666667
1160
9.206349206
700
125
7.777777778
8.125
0
0
100
0
8.765432099
199096.6038
99.69879005
8.333333333
350
433.3333333
7.5
4300
7.045454545
9.230769231
8700
97.72727273
3502.260274
0
0
0
0
9.118329523
1034.210599
0
786.8544287
0
170.7723516
0
0
0
112.9537622
0
0
155.8379132
0
7.349691598
263.7058436
0
99.71291866
34196.42857
9.465444826
2354.545455
9.490740741
1121.818182
0
250.3618134
0
8.061002179
895.3079484
8.922311004
6764.219467
8.775347275
0
472.2352941
7.916666667
7.473684211
8.795180723
900
9.25
2000.136054
9.449771098
0
147.6190476
0
147.6190476
98.18181818
300
98.70591017
0
233.8461538
7.004608295
1935.384615
9.35515873
146.1538462
0
11717.01978
98.25024215
1328.571429
9.3
796.6600529
99.55744053
7100
8.363095238
341.2121212
0
0
148.8888889
0
99.8723131
100
308.3333333
230.6122449
0
926.6666667
99.85883682
97.89473684
757.1428571
933.3333333
0
9.62962963
6009.090909
98.36309524
7.5
2133.636364
8.656898657
0
2133.636364
9.552299552
200
0
2133.636364
0
179.2045455
0
179.2045455
99.84297338
23900
0
361.5384615
98.52380952
119.3548387
0
150
0
3426.666667
8.724007561
0
0
400
8
100
0
300
7.5
0
0
7.24057971
0
0
0
824.2857143
7.982998454
0
0
100
0
97.14285714
3400
809.4581281
7.035911602
0
135.875
600
8.571428571
100
0
0
0
0
0
0
0
0
0
300
0
100
7.777777778
0
0
306.25
8.769230769
216.6666667
0
97.19400097
2778.571429
9.006781429
8.888888889
0
7.777777778
0
7.5
0
0
7.777777778
725
7.428571429
96.96969697
150
0
0
100
0
300
9.545454545
9.418604651
1100
0
98.41269841
0
180.4761905
9.185059423
96.875
30581.39535
0
0
0
0
0
96.875
300
9.427480916
753.3333333
9.140625
96.85314685
0
0
0
192.2077922
0
8.694258234
0
9.25
100
0
0
500
0
300
0
7
233.3333333
0
7.777777778
0
0
0
9.045454545
8.75
100
700
8.75
0
255.5555556
0
200
0
940
9.519230769
380
7.916666667
700
0
7.727272727
340
7.727272727
360
8
540
97.5
525
0
1850
8.269230769
0
9.5017367
9.2
168.3333333
8.317805383
319.010989
0
7.022321429
150
8
96.96969697
97.05882353
0
0
0
8
98.36065574
250
43213.04348
99.67017524
0
25900
9.384615385
0
163.2142857
0
0
98.90988372
5766.666667
98.29545455
99.6126176
460
8.214285714
8
400
8
400
8
400
8
2983.333333
0
0
8.378378378
516.6666667
8.378378378
516.6666667
980
7.081997863
8.6331045
5257.142857
98.13333333
0
7.5
460
8.214285714
460
0
0
2212.5
9.567567568
8328.571429
97.21927966
98.47619048
6300
98.4375
17400
97.14285714
1212.5
9.238095238
1212.5
9.238095238
2450
2729.803922
97.39355084
0
286.7403315
0
97.01492537
2220
8.076508621
3371.148459
97.1191091
1322.969188
9.297244094
505.0420168
261.8518519
0
9.173611111
7.759103641
346.25
7.759103641
0
99.85074627
5400
7.352941176
24275
98.46153846
0
0
8.909090909
816.6666667
8.909090909
816.6666667
0
7.75
5900
97.35449735
740
650.4058442
9.531503515
0
7600
0
97.17514124
9.4
1566.666667
9.4
1566.666667
230
0
2870
0
107.3316283
7.625
8.947368421
9.166666667
700
2187.5
98.90710383
0
23900
9.25
172.6495726
8.369905956
1275
9.272727273
10653.27273
99.76751264
2642.307692
9.453015428
0
2642.307692
9.635343619
0
0
2642.307692
8.541374474
585.5769231
8.541374474
585.5769231
7.662582175
0
9.295454545
609.6774194
98.05068226
2060
9.185185185
0
7.6
0
7.6
97.91666667
0
0
0
97.88149351
1080.076628
8.387012987
0
11462.85342
99.13516157
2070.686456
9.539316239
0
669.7580645
8.700890519
669.7580645
185.8379169
0
9.350445259
7.5
5620
8.951048951
0
1274.567972
0
0
8.922574627
335.0649351
527.2636816
99.77791878
471.4285714
5439.831288
9.503594991
181.8181818
0
0
0
8.350439883
506.2222222
8.350439883
506.2222222
9.560117302
2173.333333
9.560117302
2173.333333
9.376977367
7.098214286
174.6153846
0
0
145980
9.621621622
1195.238095
9.522058824
0
450
0
0
9.65372726
0
7.471264368
250
9.220779221
1183.333333
1267.300249
9.416646748
98.37177748
6041.666667
98.37177748
96.66666667
9.326562771
303.4188034
99.57627119
14750
98.98989899
922.7272727
154.2222222
0
0
1528.92562
99.74632166
2320
9.58677686
14300
9.444444444
96.66666667
8.591549296
9
0
7.115384615
3200
98.48484848
98.90251055
10585.47419
98.83018762
780
0
867.7419355
8.966666667
7.580645161
406.6666667
906.5789474
9.189542484
8.387096774
520
8.387096774
98.18181818
99.39944631
6500
98.48484848
13760
9.528619529
98.27586207
0
9.612403101
3404.761905
8.695652174
8.333333333
9.545941415
9.596219931
18100
98.3974359
13550
98.53479853
2100
9.147727273
593.3333333
8.557692308
2833.333333
9.659090909
4700
0
97.87234043
100
0
209.5480138
9.34201788
0
0
0
97.08333333
3328.571429
97.08333333
98.82352941
2516.541353
98.06896552
12757.14286
97.77777778
1064.285714
9.63190184
8.333333333
300
0
0
7.5
300
0
145226.2857
98.86462384
0
9.630541872
0
9.442622951
311.7647059
0
9.421364985
97.8956229
140
8.958333333
2556.923077
9.623624783
140
0
2433.333333
9.605263158
98.21428571
98.52941176
8.560497309
8.873292511
7.190635452
353.125
7.793103448
353.125
7.793103448
1462.5
3472.04
96.95412145
97.5
0
340
97.15909091
3900
8.8
200
0
7.023809524
7.154545455
9.591944886
2350.649351
9.591944886
2350.649351
0
97.2826087
97.8709675
99.89754742
8300
1089.927184
98.12413492
10488.23529
98.88888889
97.84482759
99.91569736
1775
9.595959596
11177.77778
0
634.375
98.93617021
8.710092561
9.642857143
9.6
20400
98.7804878
99.56521739
19800
99.49748744
9.647058824
0
0
0
97.37631184
7.333333333
11566.66667
8.38
8.941798942
4488
7.384481255
0
1804.761905
9.475
0
0
9.470899471
1790
99.18367347
1433.333333
8.695652174
5775
97.87234043
99.90418871
2150
9.113404127
0
0
0
0
0
1100
98.93617021
0
128.5714286
0
7.857142857
357.9843225
7.816519145
350
98.04964539
0
9.431263285
9631.924883
98.56143567
5032.230576
98.97937258
30663.63636
0
96.700491
8.775558028
0
0
8.535346097
13400
0
97.96803951
99.07894737
3900
0
0
7.222222222
8.772884015
0
7.265625
22450
0
0
9.444444444
588.8747616
98.32502769
8.402457757
0
150
0
7.5
400
0
9.359756098
15011.11111
7.647058824
99.95617647
208344.4444
9.50533049
8.181573276
0
9.583333333
33650
99.20987654
7.5
972.7083333
8.834725189
0
0
0
197.1428571
8.317307692
494.2857143
0
7.151898734
2556.875
97.36532581
239.2857143
7.263157895
3772.281167
97.4175429
99.77876106
359900
98.95833333
148.6772487
98.29787234
0
9.620714828
1100
9.421542553
98.54483817
0
2753.603604
99.33405683
634.2222222
8.535108959
734.7107438
8.886138614
0
0
174.1814429
0
0
0
0
98.2421875
1160.740741
9.01
260.6060606
236.1344538
98.79931389
96.96969697
900
233.3333333
8.5
566.6666667
5145.062027
98.82740826
3102.933985
97.4980916
9.545454545
9.545454545
9.545454545
806.1337341
99.03013393
6114.039125
97.98333333
159243.9883
7.234756047
97.87234043
0
99.99094744
112900
180.420354
99.40828402
7628
98.70600414
113.3333333
0
3526.666667
7.977941176
7.090909091
385.625
1881.981982
9.642857143
7.722385371
0
9.408536585
477.3195876
8.267857143
765.9793814
8.921130952
562.0689655
8.489583333
2914.818032
98.04795599
0
0
0
6680.116959
9.033983095
114.2857143
7.472222222
1007.692308
9.111201299
0
1677.834144
9.466841549
0
9.652777778
0
9.617021277
34252.85714
0
8.913043478
0
440
0
2900
0
7.053571429
895.6709957
97.56521739
99.69729399
300
191.6666667
9.142857143
200
100
98.12392796
9.428571429
3900
0
9.175824176
0
0
0
0
0
7
9.553571429
1260
98.71929825
65525
98.48888889
638.1803616
9.071783436
0
7.192
7592.307692
99.81481481
1925
650
0
7.931034483
600
0
8.092209857
530
97.89473684
0
0
8.380952381
9.656862745
1928.571429
9.366197183
0
0
7.777777778
0
0
395.2380952
417.6282051
0
0
0
99.35483871
562.5
1804.761905
9.5
8.571428571
18100
98.9010989
0
8.571428571
0
98.21428571
99.97113334
3900
0
9.371069182
98.29059829
98.08510638
1900
2916.428571
7.016339095
3333.333333
97.08737864
0
0
0
3471.428571
97.2
0
0
8.878205128
0
97.11741529
15885.30762
99.0502451
4835.483871
97.97385621
15885.30762
99.0502451
4835.483871
97.97385621
7104.502814
98.99305556
6417.241379
97.93650794
9500
98.97762346
4484.90566
97.81893004
4056.036578
99.04411765
5092.307692
97.96825397
13141.37931
99.04761905
6735.9375
98.00380952
8142.424242
99.00568182
4614.285714
97.87878788
5458.312655
98.99305556
4555.172414
97.85185185
5391.205491
99.01855469
16218.40796
98.06097561
8891.735537
99.0162037
8238.235294
98.00705467
14489.66565
99.03935185
8032.53012
98.02962963
5659.100141
99.01258681
5438.461538
97.91666667
3968.141368
98.99305556
5951.724138
97.92022792
6014.649682
99.01855469
4676.119403
97.90625
99.14383562
23900
8.333333333
100
0
4900
98
300
98.7012987
8.803827751
12674.19355
96.96969697
99.20212766
0
96.89716312
9.213303407
0
98.36690256
2600
8.797446809
1097.452229
98.29343972
99.9803619
5315.384615
8.571428571
99.98670476
3900
0
0
0
0
0
99.19354839
4100
97.61904762
129.1666667
7.090909091
243.75
7.090909091
243.75
7.090909091
243.75
7.090909091
243.75
7.090909091
243.75
7.090909091
243.75
7.090909091
243.75
7.090909091
243.75
7.090909091
243.75
7.090909091
243.75
7.090909091
243.75
7.090909091
243.75
7.090909091
243.75
7.090909091
243.75
7.090909091
243.75
7.090909091
243.75
7.090909091
725
0
8.434448194
97.02388743
124.2257651
0
0
0
0
0
9.49862052
98.99022801
9803.225806
0
386.4348255
7.922003106
1186.774321
9.22286295
0
99.4
1983.333333
98.90786517
9.363216875
6471.428571
98.55072464
1025
9
1550.793651
0
0
133.0532213
9.272727273
9.309645681
100.9225048
8.2421875
98.33333333
98.81656805
11520
0
8.75
5300
98.14814815
8.954703833
460
2900
97.07259953
10700
0
99.21568627
7154.142499
99.10726826
5209.734513
98.09583333
654.0232615
99
4587.5
97.86666667
556.1035953
98.97762346
4484.90566
97.81893004
98.96774194
9.627329193
900
0
700
4175
98.24561404
0
9.47826087
97.97979798
1775
7.647058824
34700
98.27586207
8.229334196
0
9.34
99.95179199
1775
0
0
99.85286481
1775
8.114547342
0
166.6666667
9.614690722
99.002849
1775
99.43910256
900
200
280
98.24561404
7.871268912
96.66666667
10780
98.65196078
8845.454545
98.88211382
99.09297052
8.920784884
9.393939394
1900
7.355274758
96.66666667
16220
98.87663399
10634.54545
99.06842818
8.125
97.89473684
233.3333333
200
8.333333333
500
4460
98.24561404
96.82539683
1775
97.84946237
1775
2466.666667
7.857142857
98.45559846
98.03439803
1169
97.91666667
99.97630339
44900
99.55555556
891.6666667
99.97647405
44900
9.266666667
12263.63636
98.75306373
9570.761671
98.96595528
99.98822098
5900
6700
98.20772059
6628.205128
98.51371951
99.1872141
99.55758769
99.55562171
99.98111965
5150
8776.190476
98.52467811
0
8845.454545
98.88211382
0
97.77482839
8060
98.34558824
7188.888889
98.62804878
8.971428571
98.93162393
63900
887.5
21614.28571
97.36842105
8.571428571
97.61904762
98.73417722
9.375
9.090909091
13400
8.75
97.22222222
63900
881.25
99.36305732
7.5
136700
98.24561404
97.24137931
7900
600
485.7142857
9.146341463
885.7142857
9.586956522
98.24561404
99.0990991
235.2380952
98.86363636
99.38886239
0
900
325
1279.032258
98.24561404
99.95917256
11900
833.3333333
9.285714286
99.76851852
1460
6474.495272
9.531990982
1125
8.775510204
1050
0
96.94736842
8.780487805
98.68131868
5900
0
100
9
98.24561404
99.97670058
47452.23881
97.89704959
533.3333333
98.93842887
7141.37931
97.61904762
609.5476662
98.97762346
4484.90566
97.81893004
596.5086227
98.97762346
4484.90566
97.81893004
686.8809846
99
4587.5
97.86666667
6230.668853
99.02161215
3959.701493
97.91207108
9.545454545
1265.651713
98.984375
4515.384615
97.83333333
9.545454545
682.8918274
99
4587.5
97.86666667
630.9770895
98.99305556
4555.172414
97.85185185
637.439791
99.0162037
4664.705882
97.90123457
9.545454545
9.545454545
1276.962776
99.03571429
4761.111111
97.94285714
948.3045619
99.01855469
4676.119403
97.90625
7.777777778
23450
98.93842887
99.98479086
140900
9.388888889
0
8.888888889
8.263157895
153.6405055
98.5044416
200
0
17235.89842
99.06881313
4933.898305
98.01346801
9.573863636
7.333333333
11900
99.0375
4770.12987
97.94666667
2374.758324
98.97762346
4484.90566
97.81893004
3667.728124
99.07142857
7808.653846
98.04660588
8302.051282
99.01855469
5074.129353
97.92307692
4484.90566
97.81893004
18251.80723
99.0502451
4835.483871
97.97385621
9161.595547
98.96875
4445.454545
97.8
0
4886.052999
97.99440559
9161.595547
98.96875
4445.454545
97.8
9161.595547
98.96875
4445.454545
97.8
21893.12715
99.07875
4988.195387
98.03466667
3556.986435
98.82741261
3715.309842
97.49840764
8530.945214
99.04017857
4783.72093
97.95238095
3466.04392
99.03935185
5104.819277
97.96296296
21893.12715
99.07875
4988.195387
98.03466667
9
99.66777409
5733.333333
2330
99.70934073
4833.333333
98.4
7.5
99.72222222
35900
0
97.91666667
0
98.64864865
35500
98.87640449
98.37837838
99.95008873
13400
0
406.8518519
0
0
9.006944444
7.997048055
9.62962963
250
99.9905303
100
2100
9.545454545
400
8
9745.454545
0
8.405063291
144.2857143
0
97.85539216
99.92592593
14900
0
9.411764706
0
8.312307261
97.91666667
8.887285554
7.146974063
930.3030303
9.433823529
1880.709349
9.495130368
731.1688312
8.796875
7.5
98.41269841
99.49494949
47900
8.75
0
7.805851064
0
99.99450074
211400
0
0
99.60715028
300
200
0
1400
99.66666667
1900
9.5
1900
9.5
1900
9.5
1900
9.5
1900
9.5
1900
9.5
1900
9.5
5900
98.33333333
5900
533.3333333
147.3684211
7.021276596
0
8.901098901
96.77419355
0
0
8.333333333
23450
98.93842887
98.86363636
0
0
0
8.75
650
0
471.4285714
99.78813559
400
0
7.229642919
0
7.942307692
0
0
99.94501718
19300
0
1277.990431
9.274305556
22700
698.245614
98.96978022
0
3900
97.40740741
11900
0
0
0
9.5
1733.333333
22700
9.177631579
99.78813559
400
1327.272727
98.93842887
5900
99.95199448
189900
9.568421053
23450
9.203821656
8.571428571
3900
0
3190.501792
9.66232776
1900
99.78813559
400
0
281900
98.93617021
337.8109453
98.4375
700
0
0
3900
0
9.65770476
97.22484695
6557.142857
98.92703863
99.9693456
181900
96.92307692
8.753390159
2271.428571
96.98795181
9.61122564
0
5605.128205
97.49598716
0
9.423076923
170900
98.24561404
8.327728977
8.761500354
9.353697945
5100
96.73076923
0
0
0
0
99.56896552
275900
98.09782609
139.7308782
98.7855612
8.571428571
3900
96.96558227
190.4435019
0
98.8179669
1432.432432
8.908730159
2809.090909
9.65625
1422.297297
176.9640479
9.603365385
2809.090909
9.65625
32471.42857
98.24561404
99.78813559
3650
11087.27757
7.914297452
0
650
98.05250305
8150
0
97.0212766
8.571428571
8.936170213
9.483163384
0
0
7.647058824
99.35064935
99.02097902
5100
0
0
96.96969697
28546.15385
0
7.222222222
0
9.166666667
0
0
0
0
0
0
449.131016
0
9.213286713
0
2940
0
0
97.45762712
129.1666667
629.9173554
8.206521739
544.4444444
8.448275862
1766.666667
9.285714286
0
0
346.25
0
215.3333333
0
0
327.952381
0
0
9.592851861
0
7.857142857
400
8
5000
98.03921569
19854.02299
97.66129032
7.142857143
2110
97.36048265
9500
96.875
0
7.180451128
254.6666667
528.5714286
0
0
98.93617021
0
9.306617958
97.59615385
0
60400
99.83471074
47517.78846
8.445958908
98.64864865
2634.375
540
8.526785714
353.8181818
720.5128205
97.15169271
0
98.06744913
1933.898305
9.322857143
98.16616361
0
0
8.75
0
0
9
2600
97.03703704
0
0
9.468085106
0
0
7.722222222
0
27900
9.642857143
9.423076923
7.404816448
0
96.92682927
0
5154.079254
97.96756384
99.9763202
14620
0
0
8.713450292
677.2727273
97.61904762
9.166666667
99.96356766
1900
7
700
0
6928.571429
9.616079494
1651.605184
9.42909509
0
0
0
0
9.647058824
60665.71429
99.83543352
60665.71429
506.0606061
8
31519.04762
98.79518072
2316.666667
0
7.659574468
3900
9.045454545
351.1062634
0
97.67691358
8071.900826
98.56644417
7.5
1775
99.25
0
9.229166667
22170.27027
99.5049555
25475.75758
99.37796209
9.508074534
0
8.663324979
8.4375
100
0
7
1362.222222
9.658054711
4566.666667
123.8095238
97.87234043
500
350
0
97.02380952
2476.785714
99.22383922
275
7.333333333
109.0185824
99.52721106
8.888888889
3358.823529
98.7244898
180
0
180
0
180
0
180
0
180
0
180
0
180
0
180
0
180
0
180
0
180
0
180
0
180
0
180
0
180
0
180
0
180
0
180
0
180
0
180
0
180
0
180
0
180
0
180
0
180
0
121.8566205
99.3676324
4870.568182
98.74259848
180
0
180
0
180
0
180
0
180
0
180
0
180
0
180
0
180
0
180
0
180
0
180
0
180
0
180
0
180
0
180
0
180
0
180
0
180
0
180
0
180
0
180
0
180
0
0
6130.769231
9.62962963
400
2380
99.19354839
8
97.61904762
98.80952381
1400
98.43960839
2257.142857
96.96969697
96.77224652
0
99.46902655
7.058823529
96.77419355
8.321678322
100
9.259259259
0
100
9.4140625
0
9.62962963
926.6666667
0
8.263888889
584.4444444
100
97.22222222
9.638888889
0
9.097222222
208.5714286
0
9.285714286
8.269230769
0
203.5714286
0
99.7972973
566.6666667
0
0
8.5
2600
0
98.125
98.33333333
300
98.125
7.5
100
9.368055556
96.66666667
98.33333333
9.333333333
0
100
9.416666667
0
96.875
500
98.14814815
8.055555556
9.25
97.42326639
7.460819009
433.3333333
9.660482375
8.879684954
0
0
0
0
0
0
0
566.6666667
0
0
0
8
9.444444444
0
0
9.444444444
0
0
0
0
0
98.94957983
0
0
9.637181508
9.501229462
8.095238095
98.85452463
0
0
0
200
98.72340426
99.20212766
2720
0
97.83687943
9.280081833
1846.288156
0
97.10104843
2324.514247
7.307692308
7.5
96.93515704
0
98.25
98.93617021
98.93617021
99.23861733
98.65263158
2837.5
9.60106383
0
9.590425532
7.473275024
9.484422492
97.90871067
98.93617021
98.98989899
9.494949495
1780
97.87234043
8.75
98.56382979
132.5786816
98.67678861
98.93617021
0
9.571808511
98.93617021
98.63864137
99.30603891
8.151595745
9.46159633
156.4102564
9.006944444
0
97.61012301
98.36065574
8
9.441489362
9.162082099
455.5555556
9.603257979
8.32
9.042553191
9.545403885
130.7692308
8.739164697
98.81144534
98.66356383
98.93617021
7.553023428
0
8.966581869
98.93617021
0
97.36702128
98.93617021
0
0
9.445626478
98.93617021
0
9.651837524
8900
98.91252955
3002025
0
97.99601064
98.93617021
98.93617021
8.021978022
100
9.62006079
98.93617021
98.93617021
98.96907216
0
9.628865979
1988.888889
0
9.130356283
2052.941176
9.535519126
0
8.649315406
7.5
148.8888889
0
0
7.5
319.3333333
9.375
96.66666667
97.17647059
2741.666667
9.618768328
238.4615385
7.045454545
9.471814299
1656.720349
9.469816283
118.1088873
9.310344828
3740.070922
8.051540616
96.66666667
7.371679433
0
2525.26096
96.99880716
96.66666667
96.66666667
96.66666667
96.66666667
96.66666667
96.66666667
97.95918367
97.95918367
96.66666667
96.66666667
96.66666667
96.66666667
96.66666667
96.66666667
96.66666667
96.66666667
96.66666667
96.66666667
96.66666667
96.66666667
96.66666667
96.66666667
96.66666667
96.66666667
7.115384615
0
5684.291899
9.397382714
111.1986374
1873.28629
99.31340996
2139.583333
0
9.589603283
1028.571429
8.571428571
8.571428571
1510.59413
98.4
9.067139464
1142.55814
9.195208684
8.186046512
8.188276517
8.093379271
426.8817204
9.107142857
0
8
9.38982637
7.821350763
0
575
0
100
0
3711.428571
97.37631184
100
0
2675
9.54954955
691.7
8.736895289
8
40269.02655
99.9465812
11950
0
0
299.1683992
9.652777778
98.94736842
8.24260355
490.4761905
8.351648352
511.1111111
9.561403509
2025
99.97591284
95900
8.8984375
1100
98.17708333
99.99092312
230900
8.38961039
8.063072661
9.456545655
99.36507937
15800
7430.791789
98.14814815
0
0
0
9.415088069
142.4242424
0
6275
98.03921569
809.2222222
8.900158866
9.573980357
7.42355581
9.658563552
365.7709533
0
99.39903846
3200
96.96969697
3380
97.12643678
14300
7.358024691
581.8181818
98
633.3333333
8.636363636
99.97626364
4333.333333
99.49845679
20900
99.97093023
3900
99.98815716
426900
0
9.62962963
232
96.89085952
756.1320755
96.6857385
186.7647059
9.462949972
274.9991374
9.137280702
189900
98.94736842
98.94921191
8.691259091
0
9.322697368
0
357.03125
7.800213675
97.77777778
4400
99.50564657
3509.375
99.48051948
4566.666667
97.85714286
4900
0
0
98
2900
96.66666667
1500
8.75
0
250
7.142857143
3983.333333
0
0
98.71052632
98.46770778
634.6641538
0
213.9705882
0
8.810604498
8.507941195
7.359396433
8.935064935
9.62962963
2500
0
0
500
0
108.4745763
9.3728223
0
0
9.351851852
1442.857143
2036.864847
0
0
119.3455082
20400
97.56097561
0
99.88304094
800
617.9487179
98.41269841
300
119.375
8.86039886
420
8.394265233
434.375
0
0
9.470551378
99.98234278
5900
8.888888889
6233.333333
98.24561404
717.1428571
8.776223776
7.217741935
259.4202899
9.516129032
9.5
400
98.94587619
2600
0
0
1022.839506
9.3837773
7.753753754
96.96969697
4685
98.95506792
9470
99.9754424
23700
0
98.50746269
9.529411765
10100
98.03921569
962.5
9.058823529
0
99.4
173900
98.27586207
9.333333333
8700
8.295454545
9.6
2400
99.70631424
4700
2150
9.444444444
0
99.55357143
22053.84615
98.40016367
1168.227425
8.217299578
9.615384615
1433.333333
0
0
340
7.727272727
7400
9.5
8.933333333
837.5
753.3333333
0
0
9.034429486
1005.066667
9.166666667
900
0
99.98796596
8650
1147.563353
96.875
100
0
300
7.5
175
99.14070892
11900
0
98.29787234
5900
99.88317757
56900
97.66081871
7.5
99.02777778
10300
8.095049129
9.333333333
7.927645887
9.371727749
8.135198135
8.869047619
7.598660836
9.447368421
99.04761905
99.35332158
13500
98.52941176
0
98.90710383
9171.428571
9.516372896
302.2205045
0
0
9
0
980
99.98296422
129900
9.307692308
99.97540002
59300
0
0
97.43589744
6806.25
7.766672586
8.958333333
9.484375
15415.15152
0
8.578125
8.241758242
0
9.358974359
6012.5
0
100
98
5650
0
99.9853733
189900
9.621052632
99.57983193
25042.85714
0
99.09090909
950
1060.714286
97.7481103
142.4242424
8.937922645
293.75
97.46031746
800
0
7.031578947
0
1600
97.05882353
237.5
7.037037037
99.89583333
2300
9.464285714
0
99.0990991
99.92647059
3900
9.375
1500
9.090909091
1075.757576
0
0
97.27272727
3900
0
0
0
99.80198733
7900
0
0
0
9.285714286
1400
0
0
0
0
0
99.41964286
9900
400
0
8.878695209
97.91666667
0
9.060017158
98.26886342
0
0
0
7.663405472
97.39583333
9500
9.087171053
97.39130435
5900
7.213392392
0
0
96.875
427.7777778
99.97961432
7950
9.480769231
4344.444444
0
99.97659406
130400
98.85057471
156.6666667
263.6363636
0
0
98.75222816
45900
98.91304348
10700
99.07407407
1533.333333
9.387755102
0
0
0
9.662048627
98
5285.714286
99.71590909
36462.5
7.777777778
350
0
0
9.460253841
0
875.8653846
9.615725687
1144.444444
0
200.281294
300
0
8.875029983
0
0
0
338.1613757
7.717735849
0
8.173076923
1011.111111
9.047619048
9.23875
217.8981938
7.15392562
0
0
0
192.0289855
0
289.7435897
0
7.727272727
390
1265.05425
0
9.130041409
1127.040635
0
8.167025102
0
823.9583333
9.492671928
0
0
99.54545455
204819.4595
9.512003398
775
9.309206349
9.205882353
1247.5
9.118738404
1034.736842
9.118738404
1034.736842
9.118738404
1034.736842
0
0
99.16666667
300
0
18435.41667
99.6403282
612.5
353.3333333
7.794117647
321.0526316
0
8.444444444
1622.767857
0
271.6450353
0
0
9.352941176
0
41233.33333
98.92473118
0
0
726.875
0
0
97.4025974
3750
9.243697479
7.777777778
5675
97.22222222
3650
99.58823529
24185.71429
8.345697076
3136.42732
99.16666667
8.051948052
99.79292972
37900
97.23684211
98.87625418
1614.285714
0
406.25
9.62962963
2728.395062
9.646442601
514.3333333
0
0
130.375
99.99625986
550300
0
99.29577465
1450
0
1127.272727
9.333333333
2600
9.62962963
0
0
0
0
0
0
99.6742671
243900
98.46311475
98.35641553
9.380808757
8.75
175
0
9.655737705
99.59819488
0
476.9230769
8.148148148
98.83040936
9066.666667
8628.571429
98.36333879
99.96791577
9100
98.36065574
99.99471231
9500
0
99.88699617
378.125
0
98.35980772
99.53684211
53900
0
0
0
0
0
9.026639344
8.57042643
8.848780557
9.130733576
8.896684056
7.5
7.142857143
250
505.4945055
96.72131148
0
0
9.085245902
0
9.561185627
98.35612044
8.666175668
1100
97.5308642
99.98660268
239900
225
9.527149321
99.92567938
2140
99.9162571
1900
99.97978748
119900
400
97.00925926
8.012682792
8.421384088
99.96747892
419900
97.09183673
99.98386771
599900
97.06363636
99.07550077
0
7.030264432
7.97826087
97.78726327
0
0
0
301.249505
98.42105263
8.634701341
757.1428571
8.333333333
200
8.333333333
500
8.11286844
0
0
7.835197644
9.025157233
7.213930348
328.5714286
0
3500
99.44444444
17900
7.5
9.111111111
96.96969697
3900
200
0
97.05882353
4400
8.96875
765.4545455
8.856809565
328.5714286
0
0
0
0
0
0
0
300
0
7.5
9.087523277
971.4285714
0
0
99.99109018
190714.8148
9.664596273
8.75
2487.5
9.107611549
312.5
0
9.197924039
358.3333333
99.48849105
20809.09091
196.5217391
0
9.612630208
841.1764706
7.5
0
7.777777778
9
12837.5
0
9.63804861
2775
0
0
0
8.571428571
0
0
0
0
0
200
8.97593446
300
100
0
330.976431
7.5
425
9.523809524
605
0
0
8.954833893
0
575
0
200
0
0
96.66666667
16507.14286
0
0
232.1428571
0
0
0
3050
5614.285714
98.25
99.73333333
120.4724409
0
0
0
9.425150992
7.746944806
9.27140255
0
98.35835398
7.217065533
0
185.6696429
183.3160073
9.444444444
1700
8.791876052
97.05882353
486.6666667
97.33333333
4400
9.444444444
97.5
3900
98.94223424
98.38709677
5150
0
119.7619048
0
0
98.21428571
5900
0
98.64864865
7300
0
0
104.56621
9.471153846
2376.190476
9.615384615
0
0
96.66666667
2900
0
0
98.93162393
1550
506.0606061
104.56621
9.471153846
0
0
0
0
0
0
0
693.3884298
98.046875
0
0
0
0
5525
8.666666667
8.333333333
98.75
8766.666667
11950
97.9253112
269.1227125
97.35688889
0
9.220622698
0
9.644368722
69568.75
97.84695434
99.79125841
900
304.4518547
97.41299302
99.96272436
5500
9.051233397
300
800
8.888888889
9400
97.89473684
0
0
47509.18367
97.89956491
105.4882523
8.207998352
0
0
0
0
8.958333333
9.341463415
12344.44444
98.21428571
407.5
8.02955665
0
8.391812865
566.6666667
0
0
0
0
0
97.91666667
4900
0
97.59615385
4025
0
0
0
0
0
0
0
0
0
0
0
98.35899598
1233.333333
103.7037037
98.18181818
108.3333333
0
4900
98
9.444444444
99.91336076
1775
0
7.985381733
156.7567568
97.56578947
700
8.75
700
8.75
700
8.75
700
8.75
700
8.75
700
8.75
700
8.75
700
8.75
700
8.75
700
8.75
700
8.75
700
8.75
700
8.75
700
8.75
700
8.75
1020
99.25986842
9.220997124
9.538461538
8.970760234
7.777777778
97.56944444
0
9.285714286
2983.333333
0
7.916666667
516.6666667
0
7.682566833
8.363636364
99.98251748
11900
0
0
0
0
9.642857143
520
7.774806065
9.083333333
99.67426333
8.333333333
0
200
9.5
119900
96.66666667
99.56490241
0
99.91188141
20627.27273
96.78362573
0
98.83889695
9066.666667
0
8.765432099
816.6666667
8.181818182
97.82674772
9.333333333
98.03827013
2166.666667
9.346405229
99.14712154
7.562590581
235.6473024
98.84615385
5500
9.642857143
0
8.75
1900
9.5
2642.307692
9.453015428
1728.205128
9.635343619
2642.307692
0
8.28460039
585.5769231
8.516424578
0
8.55
0
0
0
0
99.99698817
22066.66667
0
0
7.084298336
0
96.77419355
100
0
300
7.5
1494.414063
98.59038883
8.75
506.2222222
0
9.561403509
2173.333333
7.492108426
9.521276596
8.116455502
8.985119048
9.25
9.124813711
756.9604087
9.590163934
0
99.98670343
278900
9.534050179
97.91666667
9.611204264
7.177287995
97.79411765
99.44306931
9.276315789
263.6363636
0
97.49380355
0
0
98.8
416.6666667
99.99250615
239900
8.990909091
99.97971311
5150
9.047619048
99.57446809
400
0
98.31578947
99.84962406
94900
9.494736842
2700
9.583333333
9.398048262
7.915632754
100
462.5
0
0
0
99.99114575
563900
97.16312057
99.90163093
101900
0
8.62745098
2479.813665
9.626218852
0
98.53479853
2300
0
96.79487179
145.2012384
96.96969697
0
9.444444444
500
0
0
6902.573099
98.82186164
7.398239128
9.077949651
0
98.08188266
98.40236686
344.4444444
8.277933374
0
8.731382979
99.00793651
9.459134615
8
99.3880049
1422.222222
9.090909091
31900
9.131545338
0
0
8
9.487179487
98.61111111
33900
99.83076564
39900
9.3
1125.324675
0
9.579326923
2350.649351
97.85714286
3900
7.07444229
9.263846154
317.9728318
7.517460317
0
751900
98.93617021
8.810181888
0
8.333333333
1500
0
9.081350729
0
0
0
9.292857864
0
0
99.7900314
5200
0
406.6666667
96.71052632
0
8.333333333
0
9500
97.91666667
73900
97.2972973
96.66666667
100400
98.50746269
0
9.418048145
407.1534467
96.66666667
164.3207856
98.1273977
1672.487196
96.66666667
0
97.75390625
1244.927536
96.66666667
261.7202108
98.41976768
1871.609786
96.66666667
0
8.333333333
400
0
8.333333333
7.259259259
0
168.2926829
7.29733157
7.456140351
98.85057471
2300
0
7.910135841
378.5
0
129.0076336
0
9.664322251
2879.047619
7.314578005
272.3809524
0
114.0468227
7.5
9.295454545
683.8633687
8.679482573
0
7.352941176
8.888888889
3204.166667
169.3568726
0
0
0
9.37414966
1508.695652
9.378378378
1508.695652
9.378378378
2750
235.0877193
18100
98.9010989
99.77158747
7.5
780
10027.38636
9.521307678
9.531193653
2033.076923
0
0
8.571428571
98.57142857
48504.83871
8.765555002
8.666666667
9.288632716
0
0
0
0
1372.895768
0
98.96907216
582.4038462
0
0
668.90975
9.012265368
8.959752322
861.3095238
0
0
8.379809939
4300
8.451298701
7.704081633
700
7.222222222
0
98.33333333
36263.63636
98.33333333
98.33333333
8.888888889
8.888888889
8.888888889
0
8
8.888888889
8.571428571
99.60935019
9580
98.96694215
4500
9.130434783
7.4
9.666188541
600
0
9.195402299
0
0
10340
9.642401022
0
97.70409115
5834.163934
98.63113372
4775.573921
9.533854412
0
98.30508475
98.30508475
97.40346947
0
0
164.1456583
173.9130435
0
0
0
492.6773455
8.386897767
0
0
8.888888889
8.888888889
98.24561404
0
8.093220339
98.24561404
191.6666667
98.24561404
8.888888889
300
0
97.56097561
9.525003299
0
7.941680961
3921.381579
8.880981595
97.22222222
3300
0
97.07602339
800
277.7777778
7.647058824
300
7.528409091
8.482758621
400
0
0
267.3469388
0
9.456896552
0
0
0
0
9.083333333
257.1428571
0
951.3333333
97.93119848
1634.8659
9.335507171
8.227435647
464.1544118
8.227435647
0
588.6077217
8.476374437
8.52578125
705.5113937
8.758552632
1462.100031
9.232370829
0
182.8409091
0
0
98.71794872
5300
98.14814815
0
9.626415094
102.020202
0
4195
0
166.6666667
9.447916667
0
97.71428571
3353.125
1856.923077
9.488993711
7.104072398
245.3125
7.104072398
100
97.22222222
300
265.625
8.632478632
150
0
9.444444444
148.1527094
98.12865497
98.24561404
9.561403509
0
8.8
400
8
7.861111111
2664.285714
9.366925065
400
0
9.571428571
150
98.24561404
8.518518519
0
552.5
7.088122605
100
9.192982456
0
0
0
0
9.2
2800
9.051724138
300
98.17073171
347.0588235
0
9.615384615
2800
8.965517241
0
8.571428571
600
8.571428571
600
100
100
9.0995671
0
97.08015488
3389.361702
97.13414634
300
9.46969697
2100
98.86363636
373400
98.98259705
702.6315789
1533.333333
97.95918367
400
0
300
9.485294118
7.1875
866.6666667
9.149425287
0
900
96.66666667
0
300
9.558823529
9.611486486
685.7142857
354.5454545
9.6
2800
9.265517241
226.6769073
9.435736677
3633.333333
9.515625
150
0
9.534876543
0
0
96.84542587
1982.5
0
0
98.07923169
5362.5
0
173.125
0
7.828947368
9.128275571
2800
99.98084291
20200
7.575757576
0
0
96.66666667
300
1550
0
9.630467572
116.0864346
102.2222222
99.80769231
51900
9
0
2800
9.568965517
604.3733333
0
9.655477032
2802.564103
9.655477032
2802.564103
335
0
8.787878788
650
8.89
0
163.6363636
8.793103448
1150
9.537815126
8.125
300
8.181818182
891.6666667
9.260504202
98.24561404
0
0
0
8.784482759
8.581560284
836
0
0
8.784194529
836
0
0
7.5
96.875
8.571428571
500
503.7037037
8.895705521
8.888888889
9.5
1900
5300
100
9.23755787
0
7.293233083
269.4444444
7.293233083
269.4444444
0
96.68674699
0
0
9.245535714
98.42105263
8185.714286
98.79310345
7.777777778
350
511.1111111
8.363636364
0
9.024390244
7.5
200
0
0
0
0
0
0
7.038834951
337.2505346
9.456364488
151.7241379
0
655.1724138
8.675799087
7.586206897
8.333333333
8.907103825
0
122.2222222
1932.5
9.50799508
136.25
0
725
8.787878788
5400
9.277272727
2993.333333
9.497126437
98.66962306
6028.571429
8.335664336
0
123.951049
300
9.120901639
7.762237762
346.875
9.020979021
189.2156863
8.18220339
0
0
98.21428571
300
900
8.387096774
8.690909091
8
860
9.0625
97.91666667
0
9.605201316
273.0994152
7.319749216
659.0643275
8.516949153
98.07692308
8
920
9.117647059
98.27586207
98.27586207
0
0
9.5078125
97.88359788
4300
97.72727273
4625
113.3333333
0
5233.333333
98.125
753.3333333
8.828125
98.58156028
0
97.36842105
3657.142857
97.74397972
0
0
0
221
1239.563863
9.534883721
0
0
9.251041387
0
114.375
198.5422741
0
133.2361516
0
0
114.375
4308.163265
97.73148148
150.728863
8.604651163
185.8333333
97.19298246
98.24561404
98.24561404
8.333333333
8.771929825
98.24561404
9.374206651
135.2941176
0
98.24561404
379.7660819
8.610433935
0
645.6140351
9.357352941
0
366.5959703
7.856818182
0
0
8.815789474
8.297632333
300
9.253406955
0
0
7.022321429
2367.348544
9.450892857
0
4566.666667
98.21428571
207.5
919.5121951
9.149388623
0
0
139.5955882
7.913150222
446.1805556
815.4481882
0
9.044850498
402.173913
7.575757576
100
150
1900
100
100
98.24561404
98.24561404
8.4375
100
9.590643275
100
0
0
97.0703125
119.0740741
151.0566357
0
7.717666948
4300
9.004208754
447.7599324
99.00645516
0
1625
8.937198068
290.9090909
98.27586207
9.278917719
7.482638889
303.4482759
0
2695.294118
9.111485223
0
8.4
140
8.958333333
2523.076923
0
0
9.052631579
955.5555556
0
111.1111111
99.06017391
1100
0
7.057684863
740
97.61904762
2618.75
0
138.6363636
99.98006398
4550
0
2971.428571
8.689922481
99.40828402
2900
463.3333333
437.305952
8.123917244
7.358490566
270.8333333
9.101123596
200
0
7650
7.419354839
9.5
96.66666667
2900
1012.5
99.08980475
160.8695652
0
98.38060283
1975
9.518072289
99.92443539
209.7826087
300
300
0
250
514.2857143
0
300
9.47826087
98.62297253
53900
9.487179487
300
0
0
9.333333333
6910
8.984143531
7.542533081
306.9230769
9.142857143
300
933.3333333
7.204301075
9.0625
7.204372858
0
7.631047618
99.41413646
1700
7.5
900
8.301886792
614.2857143
9.482700705
0
185.7142857
155
9.159488292
400
8.179128234
0
97.42647059
614.2857143
905.5718954
9.621955252
614.2857143
0
98.10606061
5900
257.8947368
9.514705882
7.295597484
1290.909091
257.1428571
0
0
0
100
700
9.166666667
8
0
7.154031217
97.69410917
636.1111111
1275.471698
9.191919192
205.5555556
0
0
446.1302349
9.482519994
9.252971138
1252.380952
862.2405486
9.168790024
208.1664099
0
0
366.11387
9.352670944
8.894758228
566.6666667
1274.107143
9.18128655
200
0
0
675.4535097
96.91028424
9.50518755
3442.857143
1188.306452
9.257520431
244.2622951
7.095238095
0
8.888888889
0
7.5
0
8857.142857
98.88357257
0
0
8911.857708
98.89035088
7.5
0
8742.307692
98.86907351
0
7.348927875
9420.786517
98.94966661
0
9.411764706