500
83.33333333
1100
91.66666667
1700
94.44444444
500
83.33333333
500
83.33333333
1100
91.66666667
1700
94.44444444
1700
94.44444444
1700
94.44444444
1900
95
1700
94.44444444
1700
94.44444444
1900
95
0
91.17647059
0
0
0
0
0
0
0
91.17647059
0
0
0
0
0
0
1700
94.44444444
1700
94.44444444
1700
94.44444444
500
83.33333333
1100
91.66666667
870.5627706
99.37555754
1900
20300
99.50980392
5900
1700
94.44444444
0
3005.555556
99.64221825
1550
93.93939394
1550
93.93939394
1550
93.93939394
1700
94.44444444
0
83.33333333
0
83.33333333
500
83.33333333
500
83.33333333
100
83.33333333
0
85.71428571
0
500
83.33333333
1700
94.44444444
95.98583235
233.3333333
75
300
87.5
242.8571429
94.44444444
1700
94.44444444
1700
94.44444444
0
83.33333333
1700
94.44444444
1700
94.44444444
500
83.33333333
99.73901406
11733.33333
99.85915493
1100
2530.166667
99.6831633
31462
99.6831633
1700
94.44444444
1700
94.44444444
1700
94.44444444
1700
94.44444444
1700
94.44444444
1900
95
85.36585366
483.3333333
82.85714286
0
0
870.5627706
99.37555754
1900
172.5517241
99.56140351
6400
0
97.39583333
77.77777778
350
237.7777778
70.39473684
90
5200
98.11320755
500
83.33333333
177.7777778
85.5952381
0
0
5974.442105
98.35375828
0
350
0
130.4444444
0
0
379.338843
79.13793103
1966.115702
92.86666667
0
74.46471055
0
98.46153846
0
99.12769489
0
217.7083333
6527.612088
99.50529867
0
0
0
0
210
0
0
0
0
4462.5
86.30136986
82.22222222
0
301.0416667
72.29437229
260.9375
72.29437229
0
0
260.9375
72.29437229
260.9375
72.29437229
0
301.0416667
72.29437229
260.9375
72.29437229
0
410
78.21350763
344.6666667
77.51124438
359
78.21350763
260.9375
72.29437229
0
394.0740741
79.76011994
301.0416667
75.06493506
301.0416667
75.06493506
97.43589744
3900
97.1875
0
125
0
0
212.5
0
90
71.23108537
86.66666667
0
83.33333333
366.6666667
0
0
1550
98.18181818
0
0
266.6666667
77.37373737
71.42857143
0
0
8731.210191
98.72610891
0
170
75
1988.888889
95.21276596
100
0
100
0
80
2400
0
134.2857143
81.70731707
83.75
2361.538462
95.9375
2521.648072
96.18560549
79.48717949
85.71428571
0
98.9010989
1366.666667
93.18181818
397.4452907
0
93.33333333
668.4322034
93.89991729
0
0
417.8571429
0
96.14845938
18476.27119
87.08029197
0
90.7207042
0
1153.066403
92.01957696
0
0
352.3809524
0
0
4028.045867
95.03472222
0
0
0
0
103.5002035
0
0
0
0
96.18174876
2519
96.18174876
2519
98.27586207
99.15254237
87.3015873
400
0
98.30508475
99.66329966
80
150
1100
0
254.5454545
0
0
0
0
0
140.6015038
0
2666.917293
96.38586957
260.9022556
72.29166667
0
0
140.6015038
400
82.85714286
0
0
0
0
0
1207.142857
92.34972678
0
0
83.33333333
2750
91.8128655
430.3571429
83.83838384
0
206.4285714
0
0
177.5510204
0
78.97727273
0
0
676.4705882
115.6565657
94.02810304
0
10100
97.66339869
462.619199
2433.333333
353.9487462
99.76811665
9400
95.26315789
2033.333333
0
91.49484536
0
89.01098901
725
0
997.1428571
90.88541667
894.2857143
89.94252874
2063.428571
95.37770734
82.85714286
575
85.18518519
575
85.18518519
483.3333333
82.85714286
575
85.18518519
483.3333333
82.85714286
483.3333333
82.85714286
483.3333333
82.85714286
490.8513846
99.02952085
7409.375
97.5031211
12716
99.32376196
938.4615385
70.13333333
95.6193078
92.51724818
99.5412844
65900
91.66666667
1688.143251
96.69699282
0
79.13406364
274.8197115
0
224.84375
87.68638769
712.109375
87.68638769
3500
76.62173203
713.1661716
98.90410959
1127.777778
0
87.5
0
101.9919623
429.9512468
0
77.26295677
971.6210148
90.13730639
92.04910029
1263.095238
92.66375546
1263.095238
92.66375546
1157.719298
92.04910029
1263.095238
92.66375546
1263.095238
0
99.46994002
18765.78947
85.42335054
586.0287081
85.42335054
80.61554858
171.3642473
0
96.20689655
0
0
0
725
0
89.58333333
860
3256.800766
97.4398987
4449.090909
97.44204636
89.58333333
725
0
0
0
0
580
85.29411765
93.33333333
900
0
71.71717172
85.71428571
250
71.42857143
250
99.375
600
8360.78253
97.2646907
98.85057471
0
560
0
0
93.61702128
0
0
150
0
2450
96.07843137
150
80
400
80
400
98.12414842
0
0
0
3785.714286
97.42647059
204.7619048
1971.428571
84.82758621
0
1500
0
98.33333333
400
0
0
0
0
99.12280702
0
340
0
0
0
0
0
0
0
219.1176471
99.53917051
100
0
100
0
100
0
100
0
100
0
233.3333333
70
233.3333333
70
233.3333333
70
100
0
0
0
100
0
100
0
85.71428571
1325
85.33333333
71.29186603
248.3333333
71.29186603
2025
95.29411765
290.9090909
89.34108527
838.1818182
89.34108527
838.1818182
0
0
0
9849.333333
99.24953096
489.2857143
83.03030303
92.85714286
0
0
0
4820.32967
97.96761586
0
225.7142857
0
0
0
0
0
0
0
0
100
93.75
0
2805.215827
98.72642853
83.10810811
492
356.0810811
78.07407407
0
0
93.55329949
901.5748031
0
0
269.1118083
96.95326315
0
82.52888742
439.6825397
95.09803922
1940
70.58823529
240
1248.039216
92.58181818
0
0
90.19607843
920
90.19607843
21901.73077
96.18847616
1066.666667
74.28571429
0
97.56756757
0
527
92.02551834
3984.736842
0
0
256.1069958
179.2544748
0
0
96.03174603
3620
93.26164875
0
15638.66667
99.36462216
433.3333333
207.5
0
1622.710177
0
0
1191.034483
0
96.15384615
98.38709677
4850
97.97979798
0
0
2500
4600
0
85.29411765
86.66666667
650
86.66666667
650
0
0
2280.826737
95.8274843
752.5896414
90.34267913
219.3548387
0
0
0
0
0
219.2851824
0
70.96053611
0
0
1652.866242
94.29505814
0
0
0
1014.16309
91.05675398
98.76149334
0
87.34318996
6088.495575
0
81.25
98.00884956
0
99.16666667
7455.555556
2772.058824
96.51817716
1217.013575
91.77770282
13454.44444
99.26223461
0
0
92.25807249
515.8940397
83.76344086
0
9565.680473
98.96541169
98.27586207
98.38709677
940
90.38461538
2800
99.08045977
375
0
0
0
0
0
220
0
2193.333333
97.6744186
87.5
166.6666667
0
0
0
98.27586207
5361.633493
99.45216896
323.75
97.05014749
2622.222222
0
0
0
0
0
2366.666667
96.38682432
0
0
143.5714286
0
0
82.67857143
0
0
0
0
96.05263158
9729.869281
98.7340173
135.7142857
79.54545455
470.3703704
0
0
391.6666667
98.30508475
11900
93.33333333
125
1855.555556
94.88636364
79.16666667
380
79.16666667
0
0
93.18181818
200
411.1111111
80.43478261
466.6666667
82.35294118
0
0
0
0
0
80
400
0
0
359.2592593
0
97.10526316
27433.94495
94.18899107
186.4583333
82.54545455
330.46875
149.7277677
0
2049.969231
95.09705706
0
152.2167488
0
152.2167488
0
1539.408867
93.90024038
110.180624
0
80.2955665
407.5
80.2955665
540
0
916.9491525
78.33333333
1218.540925
90.66567289
93.75
316.1290323
0
92.5
200.6060606
1683.783784
93.67057674
85.26785714
578.7878788
0
0
0
0
238.2173382
80.28880866
0
11577.05474
99.40683613
0
178.0208333
83.13975272
498.1538462
163.0315501
0
1705.737185
96.4428059
0
285.4014599
74.0530303
0
1088.019129
97.45762712
4900
93.37833333
0
231.0833333
0
0
194.375
78.20240623
358.7662338
78.20240623
250.6493506
0
6178
98.93809069
150
0
0
34429.88827
99.71039582
337.6666667
77.15156131
337.6666667
77.15156131
5843.816698
98.31757934
93.05555556
1335
0
0
140
77.77777778
350
77.77777778
98.24561404
0
99.67105263
220
7000
99.43661972
7000
96.47887324
0
671.4285714
0
98.88888889
191.6666667
0
0
3766.666667
99.48275862
0
220.625
0
0
0
400
80
3224.902869
95.98202548
0
0
0
0
76.19047619
320
76.19047619
5700
91.13300493
0
99.23115079
1150
0
0
1400
80
1900
930.1403509
98.01310217
400
82.85714286
0
0
0
0
6000
98.36065574
0
0
0
94.31818182
940
90.38461538
9340
98.94067797
0
0
0
0
0
0
0
0
0
0
0
0
80
300
80
0
700
77.5
301.5531892
97.02662722
89.33333333
2733.243119
0
73.24149321
0
95.67567568
0
76.47058824
220
20212.5
99.42307692
73.33333333
0
4400
73.80952381
0
211.1111111
0
918.5185185
90.18181818
522.2222222
79.62962963
96.1038961
2525
96.19047619
2525
96.19047619
2466.666667
96.1038961
2525
96.19047619
2525
0
96.1038961
2466.666667
2300
0
96.15384615
8966.666667
98.56440571
357.1428571
77.77777778
0
92.8393067
5446.666667
98.07692308
0
78.66666667
4600
88.29787234
0
138.1996234
98.13415136
530
84.12698413
530
84.12698413
530
120
98.25174825
345
97.37827715
1385.714286
98.07692308
100
0
143762.201
98.70246204
419.1071429
80.73615411
419.1071429
0
91.43835616
1172
93.84171908
226.8085106
77.12053571
77.23577236
339.2857143
82.92682927
0
900
93.33333333
1400
653.3333333
86.72566372
693.3333333
87.39495798
96.66666667
300
650
86.66666667
650
1200
98.65384615
407.9365079
90.625
110
433.3333333
454.0332512
0
0
0
0
0
0
600
0
93.78050701
200
670.5555556
88.80677722
0
0
94.87179487
0
91.66666667
300
0
6306.842105
97.18113859
909.9667774
97.53289474
77.77777778
350
77.77777778
0
802.8571429
97.0464135
0
80
0
90
98.83886016
0
0
99.72527473
51356.95364
91.78925354
73.19201509
840.2294708
94.03100775
0
329.6675192
1024.092675
93.68633653
0
916.2994627
90.16038051
0
0
81.42414861
6033.333333
0
0
99.78723404
1942.857143
0
0
0
0
75.38461538
87.5
116.6666667
0
116.6666667
0
0
2825
96.58119658
983.7762238
91.76433323
10670.83333
99.07156673
0
0
2825
96.58119658
983.7762238
91.76433323
10670.83333
99.07156673
0
0
2772.058824
96.51817716
1217.013575
91.77770282
10667.77778
99.07130327
0
0
2558.139535
96.23797025
1306.511628
91.88311688
10643.33333
99.0691902
0
0
2766.776316
96.51176133
901.6447368
91.95402299
10814.28571
99.08376963
0
0
1030.769231
91.15646259
0
2801.315789
96.55328798
1124.232456
91.84952978
14288.46154
99.30499866
0
0
1078.04878
91.51138716
98.88888889
5750
2686.324786
96.41104294
1368.2861
92.37967914
10655.55556
99.07024793
0
767.5065492
702.4244794
0
2618.75
96.32183908
1281.153846
91.85463659
10650
99.06976744
0
0
2686.324786
96.41104294
1269.625247
91.8999616
39977.0416
99.75048058
228.8135593
0
99
6312.5
2722.612086
96.45718232
1337.980917
92.31008717
17894.87179
99.44428612
84.61538462
99.23076923
8000
2751.851852
96.49350649
960.4288499
92.37967914
20234.72222
99.50823031
100
0
0
208.5714286
0
362.8571429
78.39506173
2231.428571
95.71078431
1280.952381
92.03965517
11783.04094
99.15846457
0
1031.313131
91.16071429
0
2562.5
96.24413146
917.6923077
91.96042053
14543.75
99.31711481
0
0
98.88888889
8900
0
2696.568627
96.42418931
1387.109084
92.5124498
577.9661017
85.25
0
7963.241107
98.75980392
1006.719368
90.96428571
0
0
0
14042.85714
96.96969697
11766.66667
99.15730337
0
80.90909091
79.78753948
99.37432628
0
75
500
0
87.84116699
90.63670412
0
97.56416575
83.33333333
93.75
98.92473118
1271.446488
80.18594726
91.9
6616.049383
98.51102941
0
86.47208069
0
75
0
184.959276
0
184.959276
0
184.959276
99.63302752
6600
613.7764784
97.11174685
1118.461538
6300
0
98.46153846
96.875
25349.6318
97.14632414
3944.75043
97.52765957
140
0
0
75.67567568
88.88888889
800
0
0
96.25
150
700
0
0
99.85507246
40014.28571
2993.660969
96.76758375
1027.305443
91.51059125
254.2589216
71.77205882
0
254.6453546
71.8028169
0
10019.10549
99.01177036
0
0
0
98.88888889
5788.888889
2600
96.2962963
929.59285
92.67433449
10436.58537
99.05092593
0
0
2558.139535
96.23797025
1306.511628
91.88311688
10643.33333
99.0691902
0
0
100
0
700
0
14150
96.49122807
98.93617021
100
500
0
167.8571429
144.4444444
98.93617021
100
98.93617021
100
74.31455347
99.48193543
300
12275
0
94.985
1216.051844
91.62534435
98.93617021
100
320
96.82539683
94.67849224
400
100
0
98.93617021
100
1400
0
0
98.93617021
100
98.93617021
100
0
0
75
2015
0
92.85714286
9300
98.93617021
0
200
0
0
0
0
99.10714286
0
150
0
97.43589744
5400
98.18181818
1100
266.6666667
96.96969697
185900
98.92473118
95
1900
99.11504425
96.19047619
70.394575
99.21585028
0
167.8571429
966.6666667
97.5
300
237.5
0
0
0
0
0
300
75
0
0
91.11111111
1100
90.0621118
96.57142857
0
0
0
82.69230769
6857.580418
77.00349972
94.44444444
326.6666667
0
0
71.82926829
0
90.50847458
1480
415.6799539
88.27771066
98.00569801
4914.285714
154.2735043
0
97.2972973
1900
87.80487805
1100
95.83333333
98.28336557
3866.666667
95.79831933
6700
92.15686275
0
0
97.52747253
3944.444444
90.35591274
0
85.63695699
238.7212644
71.00439327
0
4528
84.44252377
91.66666667
11500
97.84482759
0
0
98.27586207
13348.27586
98.71794872
0
2558.139535
96.23797025
1306.511628
91.88311688
10643.33333
99.0691902
0
0
2558.139535
96.23797025
1306.511628
91.88311688
13026.66667
99.23819198
0
0
0
2774.80457
96.52150268
937.0014031
90.98886655
241.8275418
70.74548193
0
0
0
241.5966387
70.72570726
0
8642.857143
98.85620915
0
1095.061728
91.6322314
0
2693.209877
96.4198895
1242.592593
91.98686371
10098.77049
99.01948965
0
1021.478873
91.08320251
98.88888889
5788.888889
2667.924528
96.38718473
1260.580552
91.8307499
10655.55556
99.07024793
0
0
2558.139535
96.23797025
1306.511628
91.88311688
10643.33333
99.0691902
0
0
2662.068966
96.37952559
942.7586207
91.88311688
10643.33333
99.0691902
0
75
0
2728.125
96.4640884
972.6704545
89.80348535
214.2857143
0
528.5714286
0
0
0
8394.520548
98.82277052
1021.917808
91.08669109
98.88888889
5728.571429
2627.941176
96.33423181
954.4955324
93.02008032
10063.17016
99.01605505
0
938.961039
90.375
85.29411765
80
320.5607477
98.33333333
0
0
86.66666667
99.8152545
17423.87273
139.9014311
97.1455771
0
0
0
144.5449975
98.75440658
87.9245283
728.125
87.9245283
728.125
109.0618337
0
0
0
175.2013635
0
97.64705882
0
96.36363636
0
97.05882353
98.7654321
98.49915361
0
1997.777778
95.23305085
75.80246914
313.2653061
75.80246914
98.94813589
0
0
9810.838663
98.99100365
79.23749393
381.6374269
79.23749393
97.82543038
0
98.99965565
0
4539.260401
97.844484
0
0
0
0
71.11111111
75.13043478
99.62264151
11375
2889.106754
96.65451895
1191.503268
91.90283401
233.3333333
70
0
0
91.91919192
773.90625
88.55712498
773.90625
208.09941
0
271.0917219
85.38952175
13213.7931
99.24889925
0
82.83261803
75
52566.66667
98.97151899
1723.636364
98.74920692
0
0
0
99.16666667
7455.555556
2772.058824
96.51817716
1260.090274
92.03811893
584.4444444
85.38961039
0
0
0
12611.11111
99.21328671
0
95.23809524
900
99.03846154
7820
75
316.6666667
0
0
74.37888199
0
0
93.93939394
3900
0
0
96.2055336
1560
0
0
0
0
2558.139535
96.23797025
1306.511628
91.88311688
10643.33333
99.0691902
0
3058.043997
98.87014237
1114.798206
91.76818014
0
2924.834437
96.69403394
981.4857041
90.89124032
0
589.3617021
2475
99.43264563
85.56149733
1119.340378
91.79884454
98.27586207
98.27586207
98.88888889
5728.571429
2696.568627
96.42418931
1282.08061
92
10079.31034
99.01761518
0
1011.764706
91.00529101
85.87291991
98.88888889
5728.571429
2696.568627
96.42418931
1310.135002
92.10373198
516.3328197
0
0
146.5331279
5000
98.8002451
1044.024515
91.25892857
0
2688.906009
96.41436464
1234.123504
91.74218195
9774.125874
98.98725212
0
99.54545455
13011.11111
2905.084746
96.67230682
1003.937419
91.70918367
10683.33333
99.07264297
0
98.5
441.6666667
98.5
441.6666667
86.52077999
0
2742.857143
96.48241206
1138.282209
91.19014161
528.5714286
0
0
85.71428571
83.33333333
5942.307692
99.02783404
0
97.87852886
1091.474554
449.5582652
0
698.7742594
87.48081841
0
2293.089431
95.82130117
823.1310322
90.08470497
0
583.8559814
0
70.75407609
0
0
97.69181789
2506.896552
98.61111111
7100
0
241.902109
70.7518622
84.28969359
536.5248227
0
8042.991507
98.77195009
99.89641778
94691.66667
412.7032967
80.49554184
0
203.9751553
125.4072042
0
701.056338
87.51648352
0
2732.352941
96.46936656
960.4524887
91.8307499
11526.38889
99.13988771
0
99.54545455
13011.11111
2905.084746
96.67230682
1003.937419
91.70918367
10683.33333
99.07264297
0
3900
70
3833.333333
97.45762712
0
0
98.7804878
654.2857143
86.74242424
654.2857143
86.74242424
604.7619048
85.81081081
604.7619048
85.81081081
604.7619048
70
83.33333333
100
175
96.1038961
0
200
98.31356393
73.33333333
94.81707317
0
98.79518072
300
0
77.53423665
93.58974359
2846.666667
89.67948718
0
90.06944444
0
90.06944444
0
92.78846154
88.88888889
99.96916895
4400
97.77777778
4400
1388.888889
91.52570481
6560
94.05405405
0
86.25
133.1818182
98.88888889
2220
98.27586207
98.21428571
97.33333333
3650
0
94.44444444
98.78378378
0
7200
99.5890411
1261.111111
92.65306122
733.3333333
172
95.58823529
733.3333333
88
733.3333333
172
95.58823529
733.3333333
172
0
172
0
172
95.58823529
1400
95.79731744
0
507.9787234
99.56255468
28830.06993
91.90165406
0
98.26839827
5757.142857
0
0
1932.729881
93.50933586
1300.701992
92.86072265
207.8446731
0
700
380
337.8947368
99.52423878
233.3333333
70
233.3333333
70
233.3333333
70
326.6666667
76.5625
326.6666667
76.5625
326.6666667
76.5625
233.3333333
0
0
70
233.3333333
70
233.3333333
75
97.82608696
98.35164835
99.74362611
10500
0
0
96.2962963
10765.7337
95.39837793
80
2371.680672
79.46741237
510.8374384
82.25806452
0
90.67599068
725
93.93939394
6900
92.14285714
341
0
0
97.71232485
700
446.40625
0
214.88006
0
0
0
0
91.24396135
600
85.71428571
1000
90.90909091
3800
97.43589744
1042.068966
91.24396135
1042.068966
91.24396135
300
75
3330.177515
97.08469898
100
0
1700
94.44444444
1064
91.40893471
1072
91.46757679
5914.814815
0
81.03259101
88.79072848
774.3944228
83.24324324
0
774.3944228
88.56351351
0
83.33333333
99.46998755
891.6666667
89.91596639
98.27586207
88.10483871
5980
98.35526316
287.5
132.2580645
89.58333333
86.66666667
650
86.66666667
650
78.26086957
90
0
8600
98.85057471
11500
98.27586207
0
97.35449119
2177.807487
0
0
494.9871887
89.01766077
0
78.33333333
3828.445474
97.40688373
0
96.80851064
97.17695257
91.30434783
0
38270.0495
92.91620524
2180.645167
95.61527582
80.68472151
417.7248677
157.5370465
0
194.3280531
0
727.7976495
97.77777778
443.6111111
0
0
100
292.5
98.40764331
0
4114.285714
97.62711864
99.17012448
100
0
100
0
0
88.91904116
94.54545455
1733.333333
94.54545455
1733.333333
287.5
75.80645161
113.3333333
0
6300
97.1875
5600
98.24561404
100
0
6800
98.55072464
800
88.88888889
1300
4400
98.88888889
20400
99.51219512
200
94.11764706
2900
86.66666667
75
85.71428571
0
0
8700
98.86363636
98.7804878
99.49238579
8900
98.88888889
75
0
8700
98.86363636
85.88235294
0
76.5625
860
89.58333333
3281.21547
96.39272628
72.67080745
265.9090909
75.1552795
311.25
0
96.04316547
3063.636364
96.83908046
9000
180
98.9010989
98.32380952
98.25174825
5620
500
98.07692308
0
8700
98.86363636
8243.75
0
92.62513904
0
0
3829.399368
98.93961741
374.7252747
0
0
1146.65404
91.97852838
82.17592593
461.038961
0
0
206.25
0
155.2083333
0
98.27586207
308.3333333
150
95.38461538
0
344.4444444
0
0
5142.105263
98.09236948
0
0
0
0
0
96.60790598
4880
97.99196787
0
0
0
0
0
97.89473684
100
3385
97.13055954
3100
96.875
77.5
0
0
0
0
0
1050.684932
91.30952381
146.5753425
0
96.66666667
96.66666667
98.88888889
662.5
87.70491803
113.3333333
0
5233.333333
98.125
860
89.58333333
0
5400
98.18181818
98.27586207
965.2244435
98.81622223
0
0
212.3595506
96.04316547
3063.636364
96.83908046
15500
99.03846154
10400
98.94179894
2930
96.69966997
0
0
98.7804878
1500
88.57142857
8600
98.85057471
93.18181818
88.23529412
90.625
9400
99.22807018
4304.545455
91.26934985
1699.054374
94.44152431
526.8058839
84.04609743
0
89.88095238
0
0
0
0
14250
0
91.51615576
0
0
9680.859917
98.24730573
93.76162299
0
10308.68538
98.39823218
98.96405263
1466.666667
93.61702128
87.5
700
98.13278008
3944.444444
97.52747253
90
0
205.4545455
95.83333333
0
100
9100
99.86413043
700
98.20872929
73.33333333
2484.914596
0
3312.5
86.66666667
98.60966953
0
83.14995089
96.79633028
0
494
0
0
0
94.7826087
0
0
100
4167.123288
0
93.39430894
4773.846154
75.75757576
91.53645833
15666.15385
99.3657299
133.8461538
0
569.8039216
85.07025761
569.8039216
88.44722315
0
470.6031746
86.43874485
0
569.8039216
85.07025761
569.8039216
88.44722315
0
498.6904762
0
0
83.29687811
80.95238095
0
498.6904762
83.29687811
80.95238095
232.2291022
77.82126549
350.8823529
77.82126549
350.8823529
0
592.0454545
89.59605911
0
0
0
382.1428571
0
80.55555556
85.71428571
25569.23077
99.61042853
26180
75.13952308
92.85714286
78.57142857
366.6666667
1502.857143
93.76114082
245
96.2962963
97.01696438
0
0
99.51910232
21837.5
0
2004.504505
95.24828767
96.01371951
0
0
4676.923077
97.90660225
83.82352941
81.81818182
0
6263.636364
98.42857143
0
0
0
88.83977824
102.4096386
0
5639.759036
98.25776658
96.882494
3469.230769
1400
0
98.4375
580.5555556
75.20408163
0
375.2
0
0
5202.793448
97.45281974
0
0
0
0
0
2029.166667
95.30332681
0
0
0
92.2429078
780.4571429
90.84890966
0
193.75
240.4255319
70.625
95.46099291
2103.125
208.6524823
0
536.1054767
83.14732143
0
89.74358974
1736
87.47276688
6095.652174
87.11578947
0
494.1901408
82.22222222
77.77777778
0
4907.407407
98.00295858
93.05555556
1340
93.05555556
0
0
0
0
87.02702703
733.3333333
100
0
97.43589744
4900
6900
98.57142857
0
0
0
849.6230159
96.8575667
0
0
0
0
0
97.22222222
3900
470
84.21052632
83.33333333
142.4242424
0
6748.484848
98.53982301
96.42857143
3766.666667
1000
0
0
0
0
90
1533.333333
95.40816327
0
98.50993902
0
6305
99.60967994
14112
97.36138475
7900
98.33333333
80
1070
0
0
3664.600551
94.82016758
98.66666667
85.71428571
83.33333333
415.2542373
99.67105263
300
82.01284797
75.79365079
1493.442623
93.72427984
883.6065574
89.44
2326.136364
96.91176471
80.95238095
166.6666667
125
0
98.46153846
98.88888889
85.71428571
5400
98.18181818
0
0
0
1066.666667
0
97.25375934
95
2733.333333
22305.49188
89.95984453
95.55465902
1911.764706
187.7192982
0
95.55465902
96.47058824
63205.55556
99.84203598
63205.55556
99.84203598
63205.55556
98.52941176
2700
98.21428571
5100
92.30769231
0
0
98.93617021
100
0
266.6666667
96.96969697
0
0
4353.125
97.89473684
0
3724
97.38493724
0
0
81.81818182
4800
97.95918367
8266.412214
97.55968674
0
89.61038961
400
0
1139.072165
95.15766703
0
3540
86.95054945
78.94736842
6460
99.3902439
400
80
1100
891.257732
91.92944505
0
100
93.75
400
80
7900
98.75
1300
4200
97.6744186
6400
98.46153846
700
0
98.26490815
0
89.39393939
842.8571429
1013.636364
91.02040816
191.6666667
0
934.0909091
98.07692308
402.8571429
433.3333333
98.27586207
98.71794872
9775.776398
1012.5
72.43445693
92.30072464
71.76470588
254.1666667
0
267.5
97.95918367
92.85714286
75
0
97.05882353
15712.5
97.8972332
5191.353383
97.42451155
0
1164.197531
90.91796875
91.39784946
1158.888889
92.0564872
1158.888889
92.0564872
1158.888889
92.0564872
1158.888889
92.0564872
1158.888889
0
0
91.39784946
1062.5
91.39784946
99.09842562
306.993007
81.09965636
0
85.71428571
511.1111111
650
86.66666667
93.53664535
97.27891156
0
93.82544507
0
94.44780941
98.54077253
86.92105263
2888.461538
80.48048048
0
80
18900
99.47368421
337.5
0
98.24561404
5150
98.0952381
926.6666667
90.25974026
926.6666667
90.25974026
954.2857143
85.77235772
602.8571429
85.77235772
602.8571429
0
83.67346939
87.5
0
0
0
81.25
0
0
2078.796343
96.87066584
3557.142857
0
91.53645833
95.8677686
80
300
0
4372.049689
97.5
0
92.85714286
700
73.33333333
150
5876.744186
339.4811933
99.74619289
300
75
835
89.30481283
835
0
133.75
77.54010695
252.3809524
0
0
150
0
25500
98.2421875
87.5
6600
93.28358209
1411.111111
93.38235294
0
0
0
99.64835165
12700
94.07552083
81.57894737
85.71428571
98.4375
3250
98.50746269
86.39455782
98.51941921
92.30769231
26700
0
96.26865672
91.04477612
78.125
76.19047619
3320
97.07602339
88.97058824
8400
94.70588235
5300
98.14814815
97.73333333
88.23529412
750
223.5294118
0
0
99.13305415
566.6666667
0
0
7960.606061
96.39483324
0
139.7435897
1047.058824
91.28205128
0
0
220
241.8803419
95
7100
0
1361.406501
96.02877678
72.30769231
98.95229186
90
900
90
900
90
900
90
900
920
0
743.75
87.35802469
900
92.5
0
0
2409.52381
79.74383302
237.5
99.30555556
1900
900
0
77.25
0
147.6190476
900
97.30769231
900
97.5
6900
71.19047619
371.4285714
96.96969697
4900
83.55
1766.666667
94.64285714
900
96
900
0
86.66264296
126.4567799
0
90.16753178
126.4567799
0
74.24242424
92.04545455
300
102.5
640.7407407
86.5
0
92.59259259
10733.33333
87.53846154
0
480.5724589
0
0
90.65656566
75.98039216
99.22375266
92
29400
99.83050847
400
8268.75
90.78466
156.4102564
0
0
77.53515625
96.96969697
81.69336384
0
0
455.5555556
0
0
0
92.57334774
130.7692308
0
89.60824742
0
83.33333333
0
93.49881797
990.9090909
0
392.3076923
75.25
90.90909091
97.43457114
1560
0
0
90.90909091
0
0
90.19607843
8900
89.77777778
0
309.731114
81.1625
900
90
90.74808353
88.7254902
73.91304348
1000
0
900
90
900
90
0
0
150
200
0
0
99.10076043
768.9655172
88.49206349
4075.212718
97.60491245
10965.84781
99.61437737
142.4242424
0
142.4242424
0
142.4242424
0
134.3434343
0
134.3434343
0
142.4242424
0
142.4242424
0
242.6573427
70.81632653
225
0
242.6573427
70.81632653
134.3434343
0
225
0
142.4242424
0
142.4242424
0
98.70753525
0
95.55555556
440
0
0
0
275
98.88888889
98.93004723
0
98.88888889
85.18518519
150
98.9010989
3733.333333
86.95652174
80
79.48717949
84.76190476
162.1259653
92.50632911
738.0165289
0
87.41666667
0
99.33687003
150
500
0
98.88888889
80
400
0
0
83.03443329
76.74418605
0
86.66666667
650
86.66666667
650
83.33333333
300
95
875
89.74358974
97.20730397
275
86.66666667
98.38709677
1900
0
0
0
73.54497354
96.23624783
87.39936169
350.4056616
0
0
552.3076923
103.7735849
99.76851852
9136.8
98.91737398
6530
71.99369258
79.80416157
395.1515152
126.1933905
91.58981498
83.3045977
912.0481928
98.85057471
76.36527977
89.92392656
0
0
96.23624783
2556.923077
96.23624783
98.85057471
97.98657718
0
3250
128.358209
98.20261438
900
90
0
73.33333333
275
73.33333333
275
73.33333333
100
1650
171.4285714
98.94736842
275
73.33333333
175
0
175
0
0
81.32891414
83.51648352
650
73.33333333
1127.692308
7671.714202
99.2873069
85.29411765
112.5
225.3781513
3860.12446
93.6453287
97.12643678
27100
86.88080495
98.87905605
1850
357.4898785
80.69900302
0
0
0
82.02247191
457.5657895
628.6135693
82.03076923
278.8527397
73.18805488
1134.587598
90.35597409
0
135.4347826
0
135.4347826
721.1757464
247.8448276
99.87608426
15685.19553
99.36649502
16400
92.72727273
1225
0
281.3169388
0
97.86585366
742.4489796
0
86.39760837
635.1648352
86.39760837
742.4489796
88.12984496
635.1648352
86.39760837
635.1648352
86.39760837
635.1648352
86.39760837
635.1648352
0
99.16666667
62462.5
88.64066641
93.33333333
1400
433.3333333
81.25
2184.615385
84.68013468
88.88888889
567.0993746
0
5089.473684
98.94892126
0
0
99.96343693
17654.28571
111.818038
90.42725798
70.83333333
113296.3759
0
0
0
219.5691203
0
0
540.9399006
84.39791314
0
0
0
0
542.1657096
84.42769545
0
580.7893677
84.39422622
0
0
1040.837495
91.03246228
567.0993746
0
5089.473684
98.94892126
0
0
0
8895.673077
98.88835444
419.2307692
80.74074074
1124.519231
91.83352964
0
97.22881892
1680.078125
0
0
8895.43379
98.88832487
420.5479452
80.78947368
1114.611872
91.76691729
0
8392.857143
98.82253995
392.8571429
79.71014493
1050
91.30434783
94.00651466
44030.43478
99.00582176
72.13078367
73.43565525
191.1111111
18022.1374
99.0547599
335.9375
90.97222222
335.9375
90.97222222
98.11398109
6088.495575
0
90
0
0
319.3548387
130.7692308
74.54545455
10186.30952
99.02783404
0
1450
93.5483871
0
0
29878.26087
99.02683104
98.66868448
360
31421.73913
98.98432602
77.86715232
0
32122.22222
98.98432602
94.19165888
0
8020
98.79086431
98.07692308
567.0993746
0
5089.473684
98.94892126
98.6013986
90
83.87096774
0
0
90.0088058
0
92.02586207
7776.54321
98.88857224
98.27586207
98.16743325
0
390.9090909
79.62962963
1045.454545
91.26984127
78.91493247
0
26453.19149
98.85022385
401.7699115
80.07054674
1070.79646
91.45880574
335.9375
90.97222222
335.9375
90.97222222
90
567.0993746
0
5089.473684
98.94892126
567.0993746
0
5089.473684
98.94892126
90
90
70.09294095
5229.72973
98.94892126
70.09294095
5229.72973
98.94892126
0
0
322.2222222
0
0
200
0
0
98.42883549
0
0
97.06515166
736.587963
97.21089301
0
89.58333333
3085
0
517.868198
97.81076772
2013.548387
0
379.3827411
71.12889273
0
119.7514716
463.8664819
91.3353348
518.0555556
80.41170342
2011.85948
98.64194203
84.21052632
14806.66667
0
0
1591.286989
99.86705586
2642.826667
0
96.03885368
2468.57971
97.92362553
4716.086957
97.92362553
107263.5438
74.35897436
0
97.43589744
3900
0
2579.487179
90.1754386
0
78.55072464
0
156.6666667
70.77922078
91.66666667
0
113.4646962
0
885.2216749
83.28571429
180.8641975
0
138.2133995
96.66666667
83.1002331
0
0
6857.692308
96.28524046
0
0
0
86.66666667
73.21428571
91.66666667
77900
98.46153846
116.6666667
96.15384615
2500
96.15384615
2500
0
0
94.83870968
1700
0
81.56682028
300
0
836.8686869
82.04851752
0
0
285.3624696
74.05040504
111.143695
70.37037037
71.875
0
0
301.025641
71.09373385
85.73529412
93.12714777
10100
0
99.79101358
242032.1429
78.93712111
82.84313725
665.7142857
86.94029851
0
2111.297331
98.50138483
776.6233766
0
97.22222222
91.54929577
97.73419469
2198.387097
95.64912281
97.68491365
2185.714286
95.625
98.46153846
0
98.79032258
0
0
1000
0
14681.95251
0
97.87234043
0
0
10576.96203
95.6320568
95.2208934
90.47619048
173.125
81.69336384
446.25
266.1327231
72.6875
91.45690313
6671.428571
75.63291139
0
0
83.48623853
613.9393939
85.99320883
613.9393939
85.99320883
505.5555556
83.48623853
613.9393939
85.99320883
613.9393939
0
0
188.3597884
0
188.3597884
0
0
95.74879227
0
321.875
0
0
1679.166667
91.56908665
0
306.4516129
75.3968254
2285.765306
94.84245686
0
0
3090.416517
89.26501162
0
123.6024845
0
0
0
0
283.3333333
73.91304348
585.7142857
85.41666667
1416.666667
98.9010989
0
0
17060
98.83449883
87.5
73.33333333
275
73.33333333
275
73.33333333
275
0
87.5
0
87.5
114.2857143
99.60058581
5600
487.6315789
98.27586207
0
0
82.4736653
0
88.05877877
0
598.4126984
77.27272727
0
97.35449735
3680
98.82352941
541.9753086
96.42857143
5675
98.7012987
96.66666667
2900
6433.333333
99.48979592
200
0
200
0
200
0
200
0
200
0
200
0
200
0
300
75
300
75
300
75
200
0
300
75
200
0
200
0
98.73378528
0
0
99.96807087
5668.75
0
74.63768116
393.75
0
4456.763285
97.06122449
0
1025
91.11111111
98.75
7781.818182
98.73125721
291700.6431
99.96573003
7900
0
99.16666667
7900
98.75
8900
133.3333333
238.4976526
99.87938012
13845.10309
0
99.8139881
29700
99.86577181
150
25500
99.609375
200
522.2222222
3403.571429
92.66055046
0
0
96.05724299
300
553.1578947
328.6865431
0
96.42857143
0
787.0114087
98.65787951
764.2045455
97.58930528
4048.181818
0
98.9539749
74780
99.86645299
8267.272727
96.41460235
10326.66667
97.44245524
945.9090909
90.43893959
2450
91.94139194
86.36363636
250
73.33333333
10120
97.84735812
98.93116717
6600
88.05970149
94.68253968
0
2937.037037
95.48780488
0
100.4371585
0
100.4371585
0
91.2109375
0
650
94.86267536
72.86184211
78.66666667
96.62307033
1700
97.77777778
0
11900
90
4900
88.3525641
79.06439185
0
0
0
0
0
0
0
93.33333333
250
71.42857143
3983.333333
97.55102041
3983.333333
97.71373501
471.1976628
98.24929256
10740.0719
0
98.52195946
7900
99.64285714
0
8700
98.86363636
8700
99.43181818
8700
0
150
543.902439
766.6736022
88.33051297
98.87640449
6533.333333
99.74874372
500
100
91.66666667
500
83.33333333
18087.05036
96.70094937
157.1428571
0
1116.666667
365.2631579
0
98.46153846
6003.305556
0
82.02247191
462.4609375
88.33252309
728.4688013
261.3474387
72.12327228
0
0
0
95.92815615
70.08870378
234.5342523
0
0
0
96.61016949
0
77.22432828
339.0649867
99.38356444
14015.78947
0
93.16493457
1363.043785
99.71520561
700
170
150
99.25925926
49564.2487
0
75.02091598
0
179.221876
0
0
0
5200
98.82075472
8380
98.11320755
458.4045584
97.95918367
480
0
0
75
0
331.6666667
84.55598456
98.88888889
100
0
98.30508475
98.30508475
92.30769231
92.30769231
98.38799678
1790
94.70899471
76.06019152
92.85714286
100
0
0
98.63013699
0
0
0
1214.393939
96.72255698
436.3709033
81.49031297
92.81370923
103.0769231
99.24242424
4900
0
0
0
74.50980392
98.87640449
8800
98.87640449
8800
97.5
95.45454545
7400
877.7777778
96.04545455
0
81.25
82.75862069
94.18604651
80
150
0
0
93.33333333
0
0
703.5714286
96.66666667
0
0
0
0
200
0
0
83.33333333
300
86.42118629
0
133.3333333
88.5361552
105.0213675
98.74934862
400
80
100
15850
99.68652038
100
250
6757.142857
98.54166667
328.5714286
76.66666667
0
87.5
70900
99.85915493
17166.66667
89.14092664
94.66666667
17166.66667
99.42084942
1775
94.66666667
17166.66667
90.9507722
1005.066667
90.9507722
1005.066667
98.27586207
94.44444444
0
96.12403101
292.7272727
74.53703704
365.8181818
78.7704918
0
90
300
0
133.3333333
75.23809524
1342.307692
93.06666667
99.01156725
0
0
1072.368421
91.47025814
98.78116833
167.8571429
0
86.60714286
646.6666667
0
0
0
1006.451613
78.23129252
0
148.8888889
0
86.66666667
0
786.5490473
88.72030822
500
0
96.18644068
0
88.88888889
0
89.26553672
98.92473118
97.98657718
3415.891473
97.47179657
98.36021505
112.244898
0
0
1340
93.05555556
98.88888889
98.8851728
0
88.88888889
800
72.14285714
99.79701008
80
3650
98.28738513
1471.022727
93.63471971
686.25
87.28139905
0
220
0
1400
0
85.71428571
0
0
96.96969697
76.13998658
76.94444444
79.34595525
95.65217391
95.83333333
92.90440951
170.9677419
0
98.38709677
6200
96.82539683
0
990
112.8440367
0
395.412844
99.26205182
6600
75
813.4328358
95.75163399
0
99.78632479
5100
98.07692308
6968.75
71.66114236
88.66421569
694.5945946
98.97959184
700
223.75
0
99.7260274
2566.666667
96.25
14158.33333
0
0
780.66605
86.84640523
0
96.31795538
2615.882353
96.31795538
2583.333333
96.27329193
2583.333333
96.27329193
2583.333333
96.27329193
2615.882353
96.31795538
2583.333333
0
96.31795538
2615.882353
96.31795538
96.15384615
7667.020592
98.6205411
82.22222222
462.5
126.6666667
0
0
99.78723404
58300
96.83219178
121.6216216
93.90243902
540
84.375
540
0
86.48648649
640
86.48648649
98.27586207
98.93617021
185.7142857
73.75
900
3478.077803
99.7646487
170
16583.33333
99.97779998
9000
98.9010989
81800
88.88888889
2371.167211
99.76653823
547.6190476
266.7279412
98.39598997
6134.375
95.18796992
716.6666667
154.4642857
96.84466019
1961.538462
92.78606965
0
0
0
0
77.88461538
0
77.88461538
0
19400
0
0
0
106.637688
0
99.10714286
8800
98.87640449
100
0
200
1766.666667
94.64285714
95
0
250
0
93.88888889
104.5454545
0
104.5454545
0
104.5454545
0
104.5454545
0
175.7575758
0
0
0
175.7575758
94.20289855
884.8484848
96.15384615
100
0
100
0
5866.666667
94.97206704
0
0
0
4880
97.99196787
33080
99.69861362
1000
92.72727273
0
0
0
0
1175
81.25
0
91.05328107
0
0
95.72649573
130234.6154
99.07929294
8505.591398
97.50162435
1341.860465
93.06451613
0
91.45299145
1070
643.5897436
86.55172414
0
1711.155914
94.47866419
1008.870968
99.33333333
1252.727273
92.60752688
11122.5625
97.92085512
495.1785714
83.19831983
2257.142857
0
97.91013584
287.9472554
74.0882846
0
200
0
77.17717718
587.5
0
0
100
0
5400
98.18181818
0
100
0
5400
98.18181818
90
4600
97.87234043
98.25581395
3566.666667
97.27272727
0
100
0
5400
98.18181818
0
0
1962.5
0
0
0
0
0
2847.368421
96.60714286
0
0
80
80
0
0
0
0
0
189.5927602
0
3890.066694
96.63975845
73.00103842
201.1538462
0
0
99.94579946
148366.2577
0
97.63344051
633.8916179
93.05740988
807.3777778
240.9090909
70.66666667
1969.26018
99.68044324
1506.27451
93.77441406
1506.27451
453.3854167
98.875
855.5555556
98.66190901
7650
96.77419355
0
97.69911504
198.0769231
0
174.0384615
0
1792.664165
0
0
700
0
96.15384615
99.28088166
404.1666667
161.8181818
0
91.25
72.52747253
0
86.87216291
0
799.0136364
96.46076761
590.0468384
0
0
79.67362115
245.8333333
73.4939759
0
95.42426147
0
535.6304985
0
164.1025641
0
99.65277778
12140
91.50326797
90.38461538
23300
92.82051282
0
93.99038462
17180
89.44444444
426.3157895
81
0
0
85
52859.03107
99.76921364
13129.09091
0
92.63624908
83.63636364
8165.109101
98.79009462
511.1111111
83.63636364
12492.59259
0
0
92.08494208
1158.448047
0
0
0
92.0957995
1165.150094
0
76.45850232
0
762.0756173
99.93287089
6500
95.95959596
250
0
338.2205029
77.18043785
97.57575758
135326.2238
0
0
93.62874251
0
3799.713631
99.9287697
860
89.58333333
1160
92.06349206
1160
92.06349206
1100
91.66666667
1160
92.06349206
700
125
77.77777778
81.25
0
0
100
0
87.65432099
199096.6038
99.69879005
83.33333333
350
433.3333333
75
4300
70.45454545
92.30769231
8700
97.72727273
3502.260274
0
0
0
0
91.18329523
1034.210599
0
786.8544287
0
170.7723516
0
0
0
112.9537622
0
0
155.8379132
0
73.49691598
263.7058436
0
99.71291866
34196.42857
94.65444826
2354.545455
94.90740741
1121.818182
0
250.3618134
0
80.61002179
895.3079484
89.22311004
6764.219467
87.75347275
0
472.2352941
79.16666667
74.73684211
87.95180723
900
92.5
2000.136054
94.49771098
0
147.6190476
0
147.6190476
98.18181818
300
98.70591017
0
233.8461538
70.04608295
1935.384615
93.5515873
146.1538462
0
11717.01978
98.25024215
1328.571429
93
796.6600529
99.55744053
7100
83.63095238
341.2121212
0
0
148.8888889
0
99.8723131
100
308.3333333
230.6122449
0
926.6666667
99.85883682
97.89473684
757.1428571
933.3333333
0
96.2962963
6009.090909
98.36309524
75
2133.636364
86.56898657
0
2133.636364
95.52299552
200
0
2133.636364
0
179.2045455
0
179.2045455
99.84297338
23900
0
361.5384615
98.52380952
119.3548387
0
150
0
3426.666667
87.24007561
0
0
400
80
100
0
300
75
0
0
72.4057971
0
0
0
824.2857143
79.82998454
0
0
100
0
97.14285714
3400
809.4581281
70.35911602
0
135.875
600
85.71428571
100
0
0
0
0
0
0
0
0
0
300
0
100
77.77777778
0
0
306.25
87.69230769
216.6666667
0
97.19400097
2778.571429
90.06781429
88.88888889
0
77.77777778
0
75
0
0
77.77777778
725
74.28571429
96.96969697
150
0
0
100
0
300
95.45454545
94.18604651
1100
0
98.41269841
0
180.4761905
91.85059423
96.875
30581.39535
0
0
0
0
0
96.875
300
94.27480916
753.3333333
91.40625
96.85314685
0
0
0
192.2077922
0
86.94258234
0
92.5
100
0
0
500
0
300
0
70
233.3333333
0
77.77777778
0
0
0
90.45454545
87.5
100
700
87.5
0
255.5555556
0
200
0
940
95.19230769
380
79.16666667
700
0
77.27272727
340
77.27272727
360
80
540
97.5
525
0
1850
82.69230769
0
95.017367
92
168.3333333
83.17805383
319.010989
0
70.22321429
150
80
96.96969697
97.05882353
0
0
0
80
98.36065574
250
43213.04348
99.67017524
0
25900
93.84615385
0
163.2142857
0
0
98.90988372
5766.666667
98.29545455
99.6126176
460
82.14285714
80
400
80
400
80
400
80
2983.333333
0
0
83.78378378
516.6666667
83.78378378
516.6666667
980
70.81997863
86.331045
5257.142857
98.13333333
0
75
460
82.14285714
460
0
0
2212.5
95.67567568
8328.571429
97.21927966
98.47619048
6300
98.4375
17400
97.14285714
1212.5
92.38095238
1212.5
92.38095238
2450
2729.803922
97.39355084
0
286.7403315
0
97.01492537
2220
80.76508621
3371.148459
97.1191091
1322.969188
92.97244094
505.0420168
261.8518519
0
91.73611111
77.59103641
346.25
77.59103641
0
99.85074627
5400
73.52941176
24275
98.46153846
0
0
89.09090909
816.6666667
89.09090909
816.6666667
0
77.5
5900
97.35449735
740
650.4058442
95.31503515
0
7600
0
97.17514124
94
1566.666667
94
1566.666667
230
0
2870
0
107.3316283
76.25
89.47368421
91.66666667
700
2187.5
98.90710383
0
23900
92.5
172.6495726
83.69905956
1275
92.72727273
10653.27273
99.76751264
2642.307692
94.53015428
0
2642.307692
96.35343619
0
0
2642.307692
85.41374474
585.5769231
85.41374474
585.5769231
76.62582175
0
92.95454545
609.6774194
98.05068226
2060
91.85185185
0
76
0
76
97.91666667
0
0
0
97.88149351
1080.076628
83.87012987
0
11462.85342
99.13516157
2070.686456
95.39316239
0
669.7580645
87.00890519
669.7580645
185.8379169
0
93.50445259
75
5620
89.51048951
0
1274.567972
0
0
89.22574627
335.0649351
527.2636816
99.77791878
471.4285714
5439.831288
95.03594991
181.8181818
0
0
0
83.50439883
506.2222222
83.50439883
506.2222222
95.60117302
2173.333333
95.60117302
2173.333333
93.76977367
70.98214286
174.6153846
0
0
145980
96.21621622
1195.238095
95.22058824
0
450
0
0
96.5372726
0
74.71264368
250
92.20779221
1183.333333
1267.300249
94.16646748
98.37177748
6041.666667
98.37177748
96.66666667
93.26562771
303.4188034
99.57627119
14750
98.98989899
922.7272727
154.2222222
0
0
1528.92562
99.74632166
2320
95.8677686
14300
94.44444444
96.66666667
85.91549296
90
0
71.15384615
3200
98.48484848
98.90251055
10585.47419
98.83018762
780
0
867.7419355
89.66666667
75.80645161
406.6666667
906.5789474
91.89542484
83.87096774
520
83.87096774
98.18181818
99.39944631
6500
98.48484848
13760
95.28619529
98.27586207
0
96.12403101
3404.761905
86.95652174
83.33333333
95.45941415
95.96219931
18100
98.3974359
13550
98.53479853
2100
91.47727273
593.3333333
85.57692308
2833.333333
96.59090909
4700
0
97.87234043
100
0
209.5480138
93.4201788
0
0
0
97.08333333
3328.571429
97.08333333
98.82352941
2516.541353
98.06896552
12757.14286
97.77777778
1064.285714
96.3190184
83.33333333
300
0
0
75
300
0
145226.2857
98.86462384
0
96.30541872
0
94.42622951
311.7647059
0
94.21364985
97.8956229
140
89.58333333
2556.923077
96.23624783
140
0
2433.333333
96.05263158
98.21428571
98.52941176
85.60497309
88.73292511
71.90635452
353.125
77.93103448
353.125
77.93103448
1462.5
3472.04
96.95412145
97.5
0
340
97.15909091
3900
88
200
0
70.23809524
71.54545455
95.91944886
2350.649351
95.91944886
2350.649351
0
97.2826087
97.8709675
99.89754742
8300
1089.927184
98.12413492
10488.23529
98.88888889
97.84482759
99.91569736
1775
95.95959596
11177.77778
0
634.375
98.93617021
87.10092561
96.42857143
96
20400
98.7804878
99.56521739
19800
99.49748744
96.47058824
0
0
0
97.37631184
73.33333333
11566.66667
83.8
89.41798942
4488
73.84481255
0
1804.761905
94.75
0
0
94.70899471
1790
99.18367347
1433.333333
86.95652174
5775
97.87234043
99.90418871
2150
91.13404127
0
0
0
0
0
1100
98.93617021
0
128.5714286
0
78.57142857
357.9843225
78.16519145
350
98.04964539
0
94.31263285
9631.924883
98.56143567
5032.230576
98.97937258
30663.63636
0
96.700491
87.75558028
0
0
85.35346097
13400
0
97.96803951
99.07894737
3900
0
0
72.22222222
87.72884015
0
72.65625
22450
0
0
94.44444444
588.8747616
98.32502769
84.02457757
0
150
0
75
400
0
93.59756098
15011.11111
76.47058824
99.95617647
208344.4444
95.0533049
81.81573276
0
95.83333333
33650
99.20987654
75
972.7083333
88.34725189
0
0
0
197.1428571
83.17307692
494.2857143
0
71.51898734
2556.875
97.36532581
239.2857143
72.63157895
3772.281167
97.4175429
99.77876106
359900
98.95833333
148.6772487
98.29787234
0
96.20714828
1100
94.21542553
98.54483817
0
2753.603604
99.33405683
634.2222222
85.35108959
734.7107438
88.86138614
0
0
174.1814429
0
0
0
0
98.2421875
1160.740741
90.1
260.6060606
236.1344538
98.79931389
96.96969697
900
233.3333333
85
566.6666667
5145.062027
98.82740826
3102.933985
97.4980916
95.45454545
95.45454545
95.45454545
806.1337341
99.03013393
6114.039125
97.98333333
159243.9883
72.34756047
97.87234043
0
99.99094744
112900
180.420354
99.40828402
7628
98.70600414
113.3333333
0
3526.666667
79.77941176
70.90909091
385.625
1881.981982
96.42857143
77.22385371
0
94.08536585
477.3195876
82.67857143
765.9793814
89.21130952
562.0689655
84.89583333
2914.818032
98.04795599
0
0
0
6680.116959
90.33983095
114.2857143
74.72222222
1007.692308
91.11201299
0
1677.834144
94.66841549
0
96.52777778
0
96.17021277
34252.85714
0
89.13043478
0
440
0
2900
0
70.53571429
895.6709957
97.56521739
99.69729399
300
191.6666667
91.42857143
200
100
98.12392796
94.28571429
3900
0
91.75824176
0
0
0
0
0
70
95.53571429
1260
98.71929825
65525
98.48888889
638.1803616
90.71783436
0
71.92
7592.307692
99.81481481
1925
650
0
79.31034483
600
0
80.92209857
530
97.89473684
0
0
83.80952381
96.56862745
1928.571429
93.66197183
0
0
77.77777778
0
0
395.2380952
417.6282051
0
0
0
99.35483871
562.5
1804.761905
95
85.71428571
18100
98.9010989
0
85.71428571
0
98.21428571
99.97113334
3900
0
93.71069182
98.29059829
98.08510638
1900
2916.428571
70.16339095
3333.333333
97.08737864
0
0
0
3471.428571
97.2
0
0
88.78205128
0
97.11741529
15885.30762
99.0502451
4835.483871
97.97385621
15885.30762
99.0502451
4835.483871
97.97385621
7104.502814
98.99305556
6417.241379
97.93650794
9500
98.97762346
4484.90566
97.81893004
4056.036578
99.04411765
5092.307692
97.96825397
13141.37931
99.04761905
6735.9375
98.00380952
8142.424242
99.00568182
4614.285714
97.87878788
5458.312655
98.99305556
4555.172414
97.85185185
5391.205491
99.01855469
16218.40796
98.06097561
8891.735537
99.0162037
8238.235294
98.00705467
14489.66565
99.03935185
8032.53012
98.02962963
5659.100141
99.01258681
5438.461538
97.91666667
3968.141368
98.99305556
5951.724138
97.92022792
6014.649682
99.01855469
4676.119403
97.90625
99.14383562
23900
83.33333333
100
0
4900
98
300
98.7012987
88.03827751
12674.19355
96.96969697
99.20212766
0
96.89716312
92.13303407
0
98.36690256
2600
87.97446809
1097.452229
98.29343972
99.9803619
5315.384615
85.71428571
99.98670476
3900
0
0
0
0
0
99.19354839
4100
97.61904762
129.1666667
70.90909091
243.75
70.90909091
243.75
70.90909091
243.75
70.90909091
243.75
70.90909091
243.75
70.90909091
243.75
70.90909091
243.75
70.90909091
243.75
70.90909091
243.75
70.90909091
243.75
70.90909091
243.75
70.90909091
243.75
70.90909091
243.75
70.90909091
243.75
70.90909091
243.75
70.90909091
243.75
70.90909091
725
0
84.34448194
97.02388743
124.2257651
0
0
0
0
0
94.9862052
98.99022801
9803.225806
0
386.4348255
79.22003106
1186.774321
92.2286295
0
99.4
1983.333333
98.90786517
93.63216875
6471.428571
98.55072464
1025
90
1550.793651
0
0
133.0532213
92.72727273
93.09645681
100.9225048
82.421875
98.33333333
98.81656805
11520
0
87.5
5300
98.14814815
89.54703833
460
2900
97.07259953
10700
0
99.21568627
7154.142499
99.10726826
5209.734513
98.09583333
654.0232615
99
4587.5
97.86666667
556.1035953
98.97762346
4484.90566
97.81893004
98.96774194
96.27329193
900
0
700
4175
98.24561404
0
94.7826087
97.97979798
1775
76.47058824
34700
98.27586207
82.29334196
0
93.4
99.95179199
1775
0
0
99.85286481
1775
81.14547342
0
166.6666667
96.14690722
99.002849
1775
99.43910256
900
200
280
98.24561404
78.71268912
96.66666667
10780
98.65196078
8845.454545
98.88211382
99.09297052
89.20784884
93.93939394
1900
73.55274758
96.66666667
16220
98.87663399
10634.54545
99.06842818
81.25
97.89473684
233.3333333
200
83.33333333
500
4460
98.24561404
96.82539683
1775
97.84946237
1775
2466.666667
78.57142857
98.45559846
98.03439803
1169
97.91666667
99.97630339
44900
99.55555556
891.6666667
99.97647405
44900
92.66666667
12263.63636
98.75306373
9570.761671
98.96595528
99.98822098
5900
6700
98.20772059
6628.205128
98.51371951
99.1872141
99.55758769
99.55562171
99.98111965
5150
8776.190476
98.52467811
0
8845.454545
98.88211382
0
97.77482839
8060
98.34558824
7188.888889
98.62804878
89.71428571
98.93162393
63900
887.5
21614.28571
97.36842105
85.71428571
97.61904762
98.73417722
93.75
90.90909091
13400
87.5
97.22222222
63900
881.25
99.36305732
75
136700
98.24561404
97.24137931
7900
600
485.7142857
91.46341463
885.7142857
95.86956522
98.24561404
99.0990991
235.2380952
98.86363636
99.38886239
0
900
325
1279.032258
98.24561404
99.95917256
11900
833.3333333
92.85714286
99.76851852
1460
6474.495272
95.31990982
1125
87.75510204
1050
0
96.94736842
87.80487805
98.68131868
5900
0
100
90
98.24561404
99.97670058
47452.23881
97.89704959
533.3333333
98.93842887
7141.37931
97.61904762
609.5476662
98.97762346
4484.90566
97.81893004
596.5086227
98.97762346
4484.90566
97.81893004
686.8809846
99
4587.5
97.86666667
6230.668853
99.02161215
3959.701493
97.91207108
95.45454545
1265.651713
98.984375
4515.384615
97.83333333
95.45454545
682.8918274
99
4587.5
97.86666667
630.9770895
98.99305556
4555.172414
97.85185185
637.439791
99.0162037
4664.705882
97.90123457
95.45454545
95.45454545
1276.962776
99.03571429
4761.111111
97.94285714
948.3045619
99.01855469
4676.119403
97.90625
77.77777778
23450
98.93842887
99.98479086
140900
93.88888889
0
88.88888889
82.63157895
153.6405055
98.5044416
200
0
17235.89842
99.06881313
4933.898305
98.01346801
95.73863636
73.33333333
11900
99.0375
4770.12987
97.94666667
2374.758324
98.97762346
4484.90566
97.81893004
3667.728124
99.07142857
7808.653846
98.04660588
8302.051282
99.01855469
5074.129353
97.92307692
4484.90566
97.81893004
18251.80723
99.0502451
4835.483871
97.97385621
9161.595547
98.96875
4445.454545
97.8
0
4886.052999
97.99440559
9161.595547
98.96875
4445.454545
97.8
9161.595547
98.96875
4445.454545
97.8
21893.12715
99.07875
4988.195387
98.03466667
3556.986435
98.82741261
3715.309842
97.49840764
8530.945214
99.04017857
4783.72093
97.95238095
3466.04392
99.03935185
5104.819277
97.96296296
21893.12715
99.07875
4988.195387
98.03466667
90
99.66777409
5733.333333
2330
99.70934073
4833.333333
98.4
75
99.72222222
35900
0
97.91666667
0
98.64864865
35500
98.87640449
98.37837838
99.95008873
13400
0
406.8518519
0
0
90.06944444
79.97048055
96.2962963
250
99.9905303
100
2100
95.45454545
400
80
9745.454545
0
84.05063291
144.2857143
0
97.85539216
99.92592593
14900
0
94.11764706
0
83.12307261
97.91666667
88.87285554
71.46974063
930.3030303
94.33823529
1880.709349
94.95130368
731.1688312
87.96875
75
98.41269841
99.49494949
47900
87.5
0
78.05851064
0
99.99450074
211400
0
0
99.60715028
300
200
0
1400
99.66666667
1900
95
1900
95
1900
95
1900
95
1900
95
1900
95
1900
95
5900
98.33333333
5900
533.3333333
147.3684211
70.21276596
0
89.01098901
96.77419355
0
0
83.33333333
23450
98.93842887
98.86363636
0
0
0
87.5
650
0
471.4285714
99.78813559
400
0
72.29642919
0
79.42307692
0
0
99.94501718
19300
0
1277.990431
92.74305556
22700
698.245614
98.96978022
0
3900
97.40740741
11900
0
0
0
95
1733.333333
22700
91.77631579
99.78813559
400
1327.272727
98.93842887
5900
99.95199448
189900
95.68421053
23450
92.03821656
85.71428571
3900
0
3190.501792
96.6232776
1900
99.78813559
400
0
281900
98.93617021
337.8109453
98.4375
700
0
0
3900
0
96.5770476
97.22484695
6557.142857
98.92703863
99.9693456
181900
96.92307692
87.53390159
2271.428571
96.98795181
96.1122564
0
5605.128205
97.49598716
0
94.23076923
170900
98.24561404
83.27728977
87.61500354
93.53697945
5100
96.73076923
0
0
0
0
99.56896552
275900
98.09782609
139.7308782
98.7855612
85.71428571
3900
96.96558227
190.4435019
0
98.8179669
1432.432432
89.08730159
2809.090909
96.5625
1422.297297
176.9640479
96.03365385
2809.090909
96.5625
32471.42857
98.24561404
99.78813559
3650
11087.27757
79.14297452
0
650
98.05250305
8150
0
97.0212766
85.71428571
89.36170213
94.83163384
0
0
76.47058824
99.35064935
99.02097902
5100
0
0
96.96969697
28546.15385
0
72.22222222
0
91.66666667
0
0
0
0
0
0
449.131016
0
92.13286713
0
2940
0
0
97.45762712
129.1666667
629.9173554
82.06521739
544.4444444
84.48275862
1766.666667
92.85714286
0
0
346.25
0
215.3333333
0
0
327.952381
0
0
95.92851861
0
78.57142857
400
80
5000
98.03921569
19854.02299
97.66129032
71.42857143
2110
97.36048265
9500
96.875
0
71.80451128
254.6666667
528.5714286
0
0
98.93617021
0
93.06617958
97.59615385
0
60400
99.83471074
47517.78846
84.45958908
98.64864865
2634.375
540
85.26785714
353.8181818
720.5128205
97.15169271
0
98.06744913
1933.898305
93.22857143
98.16616361
0
0
87.5
0
0
90
2600
97.03703704
0
0
94.68085106
0
0
77.22222222
0
27900
96.42857143
94.23076923
74.04816448
0
96.92682927
0
5154.079254
97.96756384
99.9763202
14620
0
0
87.13450292
677.2727273
97.61904762
91.66666667
99.96356766
1900
70
700
0
6928.571429
96.16079494
1651.605184
94.2909509
0
0
0
0
96.47058824
60665.71429
99.83543352
60665.71429
506.0606061
80
31519.04762
98.79518072
2316.666667
0
76.59574468
3900
90.45454545
351.1062634
0
97.67691358
8071.900826
98.56644417
75
1775
99.25
0
92.29166667
22170.27027
99.5049555
25475.75758
99.37796209
95.08074534
0
86.63324979
84.375
100
0
70
1362.222222
96.58054711
4566.666667
123.8095238
97.87234043
500
350
0
97.02380952
2476.785714
99.22383922
275
73.33333333
109.0185824
99.52721106
88.88888889
3358.823529
98.7244898
180
0
180
0
180
0
180
0
180
0
180
0
180
0
180
0
180
0
180
0
180
0
180
0
180
0
180
0
180
0
180
0
180
0
180
0
180
0
180
0
180
0
180
0
180
0
180
0
180
0
121.8566205
99.3676324
4870.568182
98.74259848
180
0
180
0
180
0
180
0
180
0
180
0
180
0
180
0
180
0
180
0
180
0
180
0
180
0
180
0
180
0
180
0
180
0
180
0
180
0
180
0
180
0
180
0
180
0
0
6130.769231
96.2962963
400
2380
99.19354839
80
97.61904762
98.80952381
1400
98.43960839
2257.142857
96.96969697
96.77224652
0
99.46902655
70.58823529
96.77419355
83.21678322
100
92.59259259
0
100
94.140625
0
96.2962963
926.6666667
0
82.63888889
584.4444444
100
97.22222222
96.38888889
0
90.97222222
208.5714286
0
92.85714286
82.69230769
0
203.5714286
0
99.7972973
566.6666667
0
0
85
2600
0
98.125
98.33333333
300
98.125
75
100
93.68055556
96.66666667
98.33333333
93.33333333
0
100
94.16666667
0
96.875
500
98.14814815
80.55555556
92.5
97.42326639
74.60819009
433.3333333
96.60482375
88.79684954
0
0
0
0
0
0
0
566.6666667
0
0
0
80
94.44444444
0
0
94.44444444
0
0
0
0
0
98.94957983
0
0
96.37181508
95.01229462
80.95238095
98.85452463
0
0
0
200
98.72340426
99.20212766
2720
0
97.83687943
92.80081833
1846.288156
0
97.10104843
2324.514247
73.07692308
75
96.93515704
0
98.25
98.93617021
98.93617021
99.23861733
98.65263158
2837.5
96.0106383
0
95.90425532
74.73275024
94.84422492
97.90871067
98.93617021
98.98989899
94.94949495
1780
97.87234043
87.5
98.56382979
132.5786816
98.67678861
98.93617021
0
95.71808511
98.93617021
98.63864137
99.30603891
81.51595745
94.6159633
156.4102564
90.06944444
0
97.61012301
98.36065574
80
94.41489362
91.62082099
455.5555556
96.03257979
83.2
90.42553191
95.45403885
130.7692308
87.39164697
98.81144534
98.66356383
98.93617021
75.53023428
0
89.66581869
98.93617021
0
97.36702128
98.93617021
0
0
94.45626478
98.93617021
0
96.51837524
8900
98.91252955
3002025
0
97.99601064
98.93617021
98.93617021
80.21978022
100
96.2006079
98.93617021
98.93617021
98.96907216
0
96.28865979
1988.888889
0
91.30356283
2052.941176
95.35519126
0
86.49315406
75
148.8888889
0
0
75
319.3333333
93.75
96.66666667
97.17647059
2741.666667
96.18768328
238.4615385
70.45454545
94.71814299
1656.720349
94.69816283
118.1088873
93.10344828
3740.070922
80.51540616
96.66666667
73.71679433
0
2525.26096
96.99880716
96.66666667
96.66666667
96.66666667
96.66666667
96.66666667
96.66666667
97.95918367
97.95918367
96.66666667
96.66666667
96.66666667
96.66666667
96.66666667
96.66666667
96.66666667
96.66666667
96.66666667
96.66666667
96.66666667
96.66666667
96.66666667
96.66666667
96.66666667
96.66666667
71.15384615
0
5684.291899
93.97382714
111.1986374
1873.28629
99.31340996
2139.583333
0
95.89603283
1028.571429
85.71428571
85.71428571
1510.59413
98.4
90.67139464
1142.55814
91.95208684
81.86046512
81.88276517
80.93379271
426.8817204
91.07142857
0
80
93.8982637
78.21350763
0
575
0
100
0
3711.428571
97.37631184
100
0
2675
95.4954955
691.7
87.36895289
80
40269.02655
99.9465812
11950
0
0
299.1683992
96.52777778
98.94736842
82.4260355
490.4761905
83.51648352
511.1111111
95.61403509
2025
99.97591284
95900
88.984375
1100
98.17708333
99.99092312
230900
83.8961039
80.63072661
94.56545655
99.36507937
15800
7430.791789
98.14814815
0
0
0
94.15088069
142.4242424
0
6275
98.03921569
809.2222222
89.00158866
95.73980357
74.2355581
96.58563552
365.7709533
0
99.39903846
3200
96.96969697
3380
97.12643678
14300
73.58024691
581.8181818
98
633.3333333
86.36363636
99.97626364
4333.333333
99.49845679
20900
99.97093023
3900
99.98815716
426900
0
96.2962963
232
96.89085952
756.1320755
96.6857385
186.7647059
94.62949972
274.9991374
91.37280702
189900
98.94736842
98.94921191
86.91259091
0
93.22697368
0
357.03125
78.00213675
97.77777778
4400
99.50564657
3509.375
99.48051948
4566.666667
97.85714286
4900
0
0
98
2900
96.66666667
1500
87.5
0
250
71.42857143
3983.333333
0
0
98.71052632
98.46770778
634.6641538
0
213.9705882
0
88.10604498
85.07941195
73.59396433
89.35064935
96.2962963
2500
0
0
500
0
108.4745763
93.728223
0
0
93.51851852
1442.857143
2036.864847
0
0
119.3455082
20400
97.56097561
0
99.88304094
800
617.9487179
98.41269841
300
119.375
88.6039886
420
83.94265233
434.375
0
0
94.70551378
99.98234278
5900
88.88888889
6233.333333
98.24561404
717.1428571
87.76223776
72.17741935
259.4202899
95.16129032
95
400
98.94587619
2600
0
0
1022.839506
93.837773
77.53753754
96.96969697
4685
98.95506792
9470
99.9754424
23700
0
98.50746269
95.29411765
10100
98.03921569
962.5
90.58823529
0
99.4
173900
98.27586207
93.33333333
8700
82.95454545
96
2400
99.70631424
4700
2150
94.44444444
0
99.55357143
22053.84615
98.40016367
1168.227425
82.17299578
96.15384615
1433.333333
0
0
340
77.27272727
7400
95
89.33333333
837.5
753.3333333
0
0
90.34429486
1005.066667
91.66666667
900
0
99.98796596
8650
1147.563353
96.875
100
0
300
75
175
99.14070892
11900
0
98.29787234
5900
99.88317757
56900
97.66081871
75
99.02777778
10300
80.95049129
93.33333333
79.27645887
93.71727749
81.35198135
88.69047619
75.98660836
94.47368421
99.04761905
99.35332158
13500
98.52941176
0
98.90710383
9171.428571
95.16372896
302.2205045
0
0
90
0
980
99.98296422
129900
93.07692308
99.97540002
59300
0
0
97.43589744
6806.25
77.66672586
89.58333333
94.84375
15415.15152
0
85.78125
82.41758242
0
93.58974359
6012.5
0
100
98
5650
0
99.9853733
189900
96.21052632
99.57983193
25042.85714
0
99.09090909
950
1060.714286
97.7481103
142.4242424
89.37922645
293.75
97.46031746
800
0
70.31578947
0
1600
97.05882353
237.5
70.37037037
99.89583333
2300
94.64285714
0
99.0990991
99.92647059
3900
93.75
1500
90.90909091
1075.757576
0
0
97.27272727
3900
0
0
0
99.80198733
7900
0
0
0
92.85714286
1400
0
0
0
0
0
99.41964286
9900
400
0
88.78695209
97.91666667
0
90.60017158
98.26886342
0
0
0
76.63405472
97.39583333
9500
90.87171053
97.39130435
5900
72.13392392
0
0
96.875
427.7777778
99.97961432
7950
94.80769231
4344.444444
0
99.97659406
130400
98.85057471
156.6666667
263.6363636
0
0
98.75222816
45900
98.91304348
10700
99.07407407
1533.333333
93.87755102
0
0
0
96.62048627
98
5285.714286
99.71590909
36462.5
77.77777778
350
0
0
94.60253841
0
875.8653846
96.15725687
1144.444444
0
200.281294
300
0
88.75029983
0
0
0
338.1613757
77.17735849
0
81.73076923
1011.111111
90.47619048
92.3875
217.8981938
71.5392562
0
0
0
192.0289855
0
289.7435897
0
77.27272727
390
1265.05425
0
91.30041409
1127.040635
0
81.67025102
0
823.9583333
94.92671928
0
0
99.54545455
204819.4595
95.12003398
775
93.09206349
92.05882353
1247.5
91.18738404
1034.736842
91.18738404
1034.736842
91.18738404
1034.736842
0
0
99.16666667
300
0
18435.41667
99.6403282
612.5
353.3333333
77.94117647
321.0526316
0
84.44444444
1622.767857
0
271.6450353
0
0
93.52941176
0
41233.33333
98.92473118
0
0
726.875
0
0
97.4025974
3750
92.43697479
77.77777778
5675
97.22222222
3650
99.58823529
24185.71429
83.45697076
3136.42732
99.16666667
80.51948052
99.79292972
37900
97.23684211
98.87625418
1614.285714
0
406.25
96.2962963
2728.395062
96.46442601
514.3333333
0
0
130.375
99.99625986
550300
0
99.29577465
1450
0
1127.272727
93.33333333
2600
96.2962963
0
0
0
0
0
0
99.6742671
243900
98.46311475
98.35641553
93.80808757
87.5
175
0
96.55737705
99.59819488
0
476.9230769
81.48148148
98.83040936
9066.666667
8628.571429
98.36333879
99.96791577
9100
98.36065574
99.99471231
9500
0
99.88699617
378.125
0
98.35980772
99.53684211
53900
0
0
0
0
0
90.26639344
85.7042643
88.48780557
91.30733576
88.96684056
75
71.42857143
250
505.4945055
96.72131148
0
0
90.85245902
0
95.61185627
98.35612044
86.66175668
1100
97.5308642
99.98660268
239900
225
95.27149321
99.92567938
2140
99.9162571
1900
99.97978748
119900
400
97.00925926
80.12682792
84.21384088
99.96747892
419900
97.09183673
99.98386771
599900
97.06363636
99.07550077
0
70.30264432
79.7826087
97.78726327
0
0
0
301.249505
98.42105263
86.34701341
757.1428571
83.33333333
200
83.33333333
500
81.1286844
0
0
78.35197644
90.25157233
72.13930348
328.5714286
0
3500
99.44444444
17900
75
91.11111111
96.96969697
3900
200
0
97.05882353
4400
89.6875
765.4545455
88.56809565
328.5714286
0
0
0
0
0
0
0
300
0
75
90.87523277
971.4285714
0
0
99.99109018
190714.8148
96.64596273
87.5
2487.5
91.07611549
312.5
0
91.97924039
358.3333333
99.48849105
20809.09091
196.5217391
0
96.12630208
841.1764706
75
0
77.77777778
90
12837.5
0
96.3804861
2775
0
0
0
85.71428571
0
0
0
0
0
200
89.7593446
300
100
0
330.976431
75
425
95.23809524
605
0
0
89.54833893
0
575
0
200
0
0
96.66666667
16507.14286
0
0
232.1428571
0
0
0
3050
5614.285714
98.25
99.73333333
120.4724409
0
0
0
94.25150992
77.46944806
92.7140255
0
98.35835398
72.17065533
0
185.6696429
183.3160073
94.44444444
1700
87.91876052
97.05882353
486.6666667
97.33333333
4400
94.44444444
97.5
3900
98.94223424
98.38709677
5150
0
119.7619048
0
0
98.21428571
5900
0
98.64864865
7300
0
0
104.56621
94.71153846
2376.190476
96.15384615
0
0
96.66666667
2900
0
0
98.93162393
1550
506.0606061
104.56621
94.71153846
0
0
0
0
0
0
0
693.3884298
98.046875
0
0
0
0
5525
86.66666667
83.33333333
98.75
8766.666667
11950
97.9253112
269.1227125
97.35688889
0
92.20622698
0
96.44368722
69568.75
97.84695434
99.79125841
900
304.4518547
97.41299302
99.96272436
5500
90.51233397
300
800
88.88888889
9400
97.89473684
0
0
47509.18367
97.89956491
105.4882523
82.07998352
0
0
0
0
89.58333333
93.41463415
12344.44444
98.21428571
407.5
80.2955665
0
83.91812865
566.6666667
0
0
0
0
0
97.91666667
4900
0
97.59615385
4025
0
0
0
0
0
0
0
0
0
0
0
98.35899598
1233.333333
103.7037037
98.18181818
108.3333333
0
4900
98
94.44444444
99.91336076
1775
0
79.85381733
156.7567568
97.56578947
700
87.5
700
87.5
700
87.5
700
87.5
700
87.5
700
87.5
700
87.5
700
87.5
700
87.5
700
87.5
700
87.5
700
87.5
700
87.5
700
87.5
700
87.5
1020
99.25986842
92.20997124
95.38461538
89.70760234
77.77777778
97.56944444
0
92.85714286
2983.333333
0
79.16666667
516.6666667
0
76.82566833
83.63636364
99.98251748
11900
0
0
0
0
96.42857143
520
77.74806065
90.83333333
99.67426333
83.33333333
0
200
95
119900
96.66666667
99.56490241
0
99.91188141
20627.27273
96.78362573
0
98.83889695
9066.666667
0
87.65432099
816.6666667
81.81818182
97.82674772
93.33333333
98.03827013
2166.666667
93.46405229
99.14712154
75.62590581
235.6473024
98.84615385
5500
96.42857143
0
87.5
1900
95
2642.307692
94.53015428
1728.205128
96.35343619
2642.307692
0
82.8460039
585.5769231
85.16424578
0
85.5
0
0
0
0
99.99698817
22066.66667
0
0
70.84298336
0
96.77419355
100
0
300
75
1494.414063
98.59038883
87.5
506.2222222
0
95.61403509
2173.333333
74.92108426
95.21276596
81.16455502
89.85119048
92.5
91.24813711
756.9604087
95.90163934
0
99.98670343
278900
95.34050179
97.91666667
96.11204264
71.77287995
97.79411765
99.44306931
92.76315789
263.6363636
0
97.49380355
0
0
98.8
416.6666667
99.99250615
239900
89.90909091
99.97971311
5150
90.47619048
99.57446809
400
0
98.31578947
99.84962406
94900
94.94736842
2700
95.83333333
93.98048262
79.15632754
100
462.5
0
0
0
99.99114575
563900
97.16312057
99.90163093
101900
0
86.2745098
2479.813665
96.26218852
0
98.53479853
2300
0
96.79487179
145.2012384
96.96969697
0
94.44444444
500
0
0
6902.573099
98.82186164
73.98239128
90.77949651
0
98.08188266
98.40236686
344.4444444
82.77933374
0
87.31382979
99.00793651
94.59134615
80
99.3880049
1422.222222
90.90909091
31900
91.31545338
0
0
80
94.87179487
98.61111111
33900
99.83076564
39900
93
1125.324675
0
95.79326923
2350.649351
97.85714286
3900
70.7444229
92.63846154
317.9728318
75.17460317
0
751900
98.93617021
88.10181888
0
83.33333333
1500
0
90.81350729
0
0
0
92.92857864
0
0
99.7900314
5200
0
406.6666667
96.71052632
0
83.33333333
0
9500
97.91666667
73900
97.2972973
96.66666667
100400
98.50746269
0
94.18048145
407.1534467
96.66666667
164.3207856
98.1273977
1672.487196
96.66666667
0
97.75390625
1244.927536
96.66666667
261.7202108
98.41976768
1871.609786
96.66666667
0
83.33333333
400
0
83.33333333
72.59259259
0
168.2926829
72.9733157
74.56140351
98.85057471
2300
0
79.10135841
378.5
0
129.0076336
0
96.64322251
2879.047619
73.14578005
272.3809524
0
114.0468227
75
92.95454545
683.8633687
86.79482573
0
73.52941176
88.88888889
3204.166667
169.3568726
0
0
0
93.7414966
1508.695652
93.78378378
1508.695652
93.78378378
2750
235.0877193
18100
98.9010989
99.77158747
75
780
10027.38636
95.21307678
95.31193653
2033.076923
0
0
85.71428571
98.57142857
48504.83871
87.65555002
86.66666667
92.88632716
0
0
0
0
1372.895768
0
98.96907216
582.4038462
0
0
668.90975
90.12265368
89.59752322
861.3095238
0
0
83.79809939
4300
84.51298701
77.04081633
700
72.22222222
0
98.33333333
36263.63636
98.33333333
98.33333333
88.88888889
88.88888889
88.88888889
0
80
88.88888889
85.71428571
99.60935019
9580
98.96694215
4500
91.30434783
74
96.66188541
600
0
91.95402299
0
0
10340
96.42401022
0
97.70409115
5834.163934
98.63113372
4775.573921
95.33854412
0
98.30508475
98.30508475
97.40346947
0
0
164.1456583
173.9130435
0
0
0
492.6773455
83.86897767
0
0
88.88888889
88.88888889
98.24561404
0
80.93220339
98.24561404
191.6666667
98.24561404
88.88888889
300
0
97.56097561
95.25003299
0
79.41680961
3921.381579
88.80981595
97.22222222
3300
0
97.07602339
800
277.7777778
76.47058824
300
75.28409091
84.82758621
400
0
0
267.3469388
0
94.56896552
0
0
0
0
90.83333333
257.1428571
0
951.3333333
97.93119848
1634.8659
93.35507171
82.27435647
464.1544118
82.27435647
0
588.6077217
84.76374437
85.2578125
705.5113937
87.58552632
1462.100031
92.32370829
0
182.8409091
0
0
98.71794872
5300
98.14814815
0
96.26415094
102.020202
0
4195
0
166.6666667
94.47916667
0
97.71428571
3353.125
1856.923077
94.88993711
71.04072398
245.3125
71.04072398
100
97.22222222
300
265.625
86.32478632
150
0
94.44444444
148.1527094
98.12865497
98.24561404
95.61403509
0
88
400
80
78.61111111
2664.285714
93.66925065
400
0
95.71428571
150
98.24561404
85.18518519
0
552.5
70.88122605
100
91.92982456
0
0
0
0
92
2800
90.51724138
300
98.17073171
347.0588235
0
96.15384615
2800
89.65517241
0
85.71428571
600
85.71428571
600
100
100
90.995671
0
97.08015488
3389.361702
97.13414634
300
94.6969697
2100
98.86363636
373400
98.98259705
702.6315789
1533.333333
97.95918367
400
0
300
94.85294118
71.875
866.6666667
91.49425287
0
900
96.66666667
0
300
95.58823529
96.11486486
685.7142857
354.5454545
96
2800
92.65517241
226.6769073
94.35736677
3633.333333
95.15625
150
0
95.34876543
0
0
96.84542587
1982.5
0
0
98.07923169
5362.5
0
173.125
0
78.28947368
91.28275571
2800
99.98084291
20200
75.75757576
0
0
96.66666667
300
1550
0
96.30467572
116.0864346
102.2222222
99.80769231
51900
90
0
2800
95.68965517
604.3733333
0
96.55477032
2802.564103
96.55477032
2802.564103
335
0
87.87878788
650
88.9
0
163.6363636
87.93103448
1150
95.37815126
81.25
300
81.81818182
891.6666667
92.60504202
98.24561404
0
0
0
87.84482759
85.81560284
836
0
0
87.84194529
836
0
0
75
96.875
85.71428571
500
503.7037037
88.95705521
88.88888889
95
1900
5300
100
92.3755787
0
72.93233083
269.4444444
72.93233083
269.4444444
0
96.68674699
0
0
92.45535714
98.42105263
8185.714286
98.79310345
77.77777778
350
511.1111111
83.63636364
0
90.24390244
75
200
0
0
0
0
0
0
70.38834951
337.2505346
94.56364488
151.7241379
0
655.1724138
86.75799087
75.86206897
83.33333333
89.07103825
0
122.2222222
1932.5
95.0799508
136.25
0
725
87.87878788
5400
92.77272727
2993.333333
94.97126437
98.66962306
6028.571429
83.35664336
0
123.951049
300
91.20901639
77.62237762
346.875
90.20979021
189.2156863
81.8220339
0
0
98.21428571
300
900
83.87096774
86.90909091
80
860
90.625
97.91666667
0
96.05201316
273.0994152
73.19749216
659.0643275
85.16949153
98.07692308
80
920
91.17647059
98.27586207
98.27586207
0
0
95.078125
97.88359788
4300
97.72727273
4625
113.3333333
0
5233.333333
98.125
753.3333333
88.28125
98.58156028
0
97.36842105
3657.142857
97.74397972
0
0
0
221
1239.563863
95.34883721
0
0
92.51041387
0
114.375
198.5422741
0
133.2361516
0
0
114.375
4308.163265
97.73148148
150.728863
86.04651163
185.8333333
97.19298246
98.24561404
98.24561404
83.33333333
87.71929825
98.24561404
93.74206651
135.2941176
0
98.24561404
379.7660819
86.10433935
0
645.6140351
93.57352941
0
366.5959703
78.56818182
0
0
88.15789474
82.97632333
300
92.53406955
0
0
70.22321429
2367.348544
94.50892857
0
4566.666667
98.21428571
207.5
919.5121951
91.49388623
0
0
139.5955882
79.13150222
446.1805556
815.4481882
0
90.44850498
402.173913
75.75757576
100
150
1900
100
100
98.24561404
98.24561404
84.375
100
95.90643275
100
0
0
97.0703125
119.0740741
151.0566357
0
77.17666948
4300
90.04208754
447.7599324
99.00645516
0
1625
89.37198068
290.9090909
98.27586207
92.78917719
74.82638889
303.4482759
0
2695.294118
91.11485223
0
84
140
89.58333333
2523.076923
0
0
90.52631579
955.5555556
0
111.1111111
99.06017391
1100
0
70.57684863
740
97.61904762
2618.75
0
138.6363636
99.98006398
4550
0
2971.428571
86.89922481
99.40828402
2900
463.3333333
437.305952
81.23917244
73.58490566
270.8333333
91.01123596
200
0
7650
74.19354839
95
96.66666667
2900
1012.5
99.08980475
160.8695652
0
98.38060283
1975
95.18072289
99.92443539
209.7826087
300
300
0
250
514.2857143
0
300
94.7826087
98.62297253
53900
94.87179487
300
0
0
93.33333333
6910
89.84143531
75.42533081
306.9230769
91.42857143
300
933.3333333
72.04301075
90.625
72.04372858
0
76.31047618
99.41413646
1700
75
900
83.01886792
614.2857143
94.82700705
0
185.7142857
155
91.59488292
400
81.79128234
0
97.42647059
614.2857143
905.5718954
96.21955252
614.2857143
0
98.10606061
5900
257.8947368
95.14705882
72.95597484
1290.909091
257.1428571
0
0
0
100
700
91.66666667
80
0
71.54031217
97.69410917
636.1111111
1275.471698
91.91919192
205.5555556
0
0
446.1302349
94.82519994
92.52971138
1252.380952
862.2405486
91.68790024
208.1664099
0
0
366.11387
93.52670944
88.94758228
566.6666667
1274.107143
91.8128655
200
0
0
675.4535097
96.91028424
95.0518755
3442.857143
1188.306452
92.57520431
244.2622951
70.95238095
0
88.88888889
0
75
0
8857.142857
98.88357257
0
0
8911.857708
98.89035088
75
0
8742.307692
98.86907351
0
73.48927875
9420.786517
98.94966661
0
94.11764706